Time X Y
0.0 26.333333333333332 26.333333333333332
1.0 25.650943396226417 25.650943396226417
2.0 25.544642857142858 25.544642857142858
3.0 26.05263157894737 26.05263157894737
4.0 25.35 25.35
5.0 25.747663551401867 25.747663551401867
6.0 24.819277108433734 24.819277108433734
7.0 25.333333333333332 25.333333333333332
8.0 24.650943396226417 24.650943396226417
9.0 24.544642857142858 24.544642857142858
10.0 25.05263157894737 25.05263157894737
11.0 24.35 24.35
12.0 24.747663551401867 24.747663551401867
13.0 23.819277108433734 23.819277108433734
14.0 24.333333333333332 24.333333333333332
15.0 23.650943396226417 23.650943396226417
16.0 23.544642857142858 23.544642857142858
17.0 24.05263157894737 24.05263157894737
18.0 23.35 23.35
19.0 23.747663551401867 23.747663551401867
20.0 22.819277108433734 22.819277108433734
21.0 23.333333333333332 23.333333333333332
22.0 22.650943396226417 22.650943396226417
23.0 22.544642857142858 22.544642857142858
24.0 23.05263157894737 23.05263157894737
25.0 22.35 22.35
26.0 22.747663551401867 22.747663551401867
27.0 21.819277108433734 21.819277108433734
28.0 22.333333333333332 22.333333333333332
29.0 21.650943396226417 21.650943396226417
30.0 21.544642857142858 21.544642857142858
31.0 22.05263157894737 22.05263157894737
32.0 21.35 21.35
33.0 21.747663551401867 21.747663551401867
34.0 20.819277108433734 20.819277108433734
35.0 21.333333333333332 21.333333333333332
36.0 20.650943396226417 20.650943396226417
37.0 20.544642857142858 20.544642857142858
38.0 21.05263157894737 21.05263157894737
39.0 20.35 20.35
40.0 20.747663551401867 20.747663551401867
41.0 19.819277108433734 19.819277108433734
42.0 20.333333333333332 20.333333333333332
43.0 19.650943396226417 19.650943396226417
44.0 19.544642857142858 19.544642857142858
45.0 20.05263157894737 20.05263157894737
46.0 19.35 19.35
47.0 19.747663551401867 19.747663551401867
48.0 18.819277108433734 18.819277108433734
49.0 19.333333333333332 19.333333333333332
50.0 18.650943396226417 18.650943396226417
51.0 18.544642857142858 18.544642857142858
52.0 19.05263157894737 19.05263157894737
53.0 18.35 18.35
54.0 18.747663551401867 18.747663551401867
55.0 17.819277108433734 17.819277108433734
56.0 18.333333333333332 18.333333333333332
57.0 17.650943396226417 17.650943396226417
58.0 17.544642857142858 17.544642857142858
59.0 18.05263157894737 18.05263157894737
60.0 17.35 17.35
61.0 17.747663551401867 17.747663551401867
62.0 16.819277108433734 16.819277108433734
63.0 17.333333333333332 17.333333333333332
64.0 16.650943396226417 16.650943396226417
65.0 16.544642857142858 16.544642857142858
66.0 17.05263157894737 17.05263157894737
67.0 16.35 16.35
68.0 16.747663551401867 16.747663551401867
69.0 15.819277108433734 15.819277108433734
70.0 16.333333333333332 16.333333333333332
71.0 15.650943396226415 15.650943396226415
72.0 15.544642857142858 15.544642857142858
73.0 16.05263157894737 16.05263157894737
75.0 15.74766355140187 15.74766355140187
76.0 14.819277108433734 14.819277108433734
140.0 14.666666666666666 14.666666666666666
141.0 15.556603773584905 15.556603773584905
142.0 14.919642857142858 14.919642857142858
269.0 38.05263157894737 38.05263157894737
270.0 37.35 37.35
271.0 37.74766355140187 37.74766355140187
272.0 36.81927710843374 36.81927710843374
273.0 37.333333333333336 37.333333333333336
274.0 36.65094339622642 36.65094339622642
275.0 36.544642857142854 36.544642857142854
276.0 37.05263157894737 37.05263157894737
277.0 36.35 36.35
278.0 36.74766355140187 36.74766355140187
279.0 35.81927710843374 35.81927710843374
280.0 36.333333333333336 36.333333333333336
281.0 35.65094339622642 35.65094339622642
282.0 35.544642857142854 35.544642857142854
283.0 36.05263157894737 36.05263157894737
284.0 35.35 35.35
285.0 35.74766355140187 35.74766355140187
286.0 34.81927710843374 34.81927710843374
287.0 35.333333333333336 35.333333333333336
288.0 34.65094339622642 34.65094339622642
289.0 34.544642857142854 34.544642857142854
290.0 35.05263157894737 35.05263157894737
291.0 34.35 34.35
292.0 34.74766355140187 34.74766355140187
293.0 33.81927710843374 33.81927710843374
294.0 34.333333333333336 34.333333333333336
295.0 33.65094339622642 33.65094339622642
296.0 33.544642857142854 33.544642857142854
297.0 34.05263157894737 34.05263157894737
298.0 33.35 33.35
299.0 33.74766355140187 33.74766355140187
300.0 32.81927710843374 32.81927710843374
301.0 33.333333333333336 33.333333333333336
302.0 32.65094339622642 32.65094339622642
303.0 32.544642857142854 32.544642857142854
304.0 33.05263157894737 33.05263157894737
305.0 32.35 32.35
306.0 32.74766355140187 32.74766355140187
307.0 31.819277108433734 31.819277108433734
308.0 32.333333333333336 32.333333333333336
309.0 31.650943396226417 31.650943396226417
310.0 31.544642857142858 31.544642857142858
311.0 32.05263157894737 32.05263157894737
312.0 31.35 31.35
313.0 31.747663551401867 31.747663551401867
314.0 30.819277108433734 30.819277108433734
315.0 31.333333333333332 31.333333333333332
316.0 30.650943396226417 30.650943396226417
317.0 30.544642857142858 30.544642857142858
318.0 31.05263157894737 31.05263157894737
319.0 30.35 30.35
320.0 30.747663551401867 30.747663551401867
321.0 29.819277108433734 29.819277108433734
322.0 30.333333333333332 30.333333333333332
323.0 29.650943396226417 29.650943396226417
324.0 29.544642857142858 29.544642857142858
325.0 30.05263157894737 30.05263157894737
326.0 29.35 29.35
327.0 29.747663551401867 29.747663551401867
328.0 28.819277108433734 28.819277108433734
329.0 29.333333333333332 29.333333333333332
330.0 28.650943396226417 28.650943396226417
331.0 28.544642857142858 28.544642857142858
332.0 29.05263157894737 29.05263157894737
333.0 28.35 28.35
334.0 28.747663551401867 28.747663551401867
335.0 27.819277108433734 27.819277108433734
336.0 28.333333333333332 28.333333333333332
337.0 27.650943396226417 27.650943396226417
338.0 27.544642857142858 27.544642857142858
339.0 28.05263157894737 28.05263157894737
340.0 27.35 27.35
341.0 27.747663551401867 27.747663551401867
342.0 26.819277108433734 26.819277108433734
343.0 27.333333333333332 27.333333333333332
344.0 26.650943396226417 26.650943396226417
345.0 26.544642857142858 26.544642857142858
346.0 27.05263157894737 27.05263157894737
347.0 26.35 26.35
348.0 26.747663551401867 26.747663551401867
349.0 25.819277108433734 25.819277108433734
350.0 26.333333333333332 26.333333333333332
351.0 25.650943396226417 25.650943396226417
352.0 25.544642857142858 25.544642857142858
353.0 26.05263157894737 26.05263157894737
354.0 25.35 25.35
355.0 25.747663551401867 25.747663551401867
356.0 24.819277108433734 24.819277108433734
357.0 25.333333333333332 25.333333333333332
358.0 24.650943396226417 24.650943396226417
359.0 24.544642857142858 24.544642857142858
360.0 25.05263157894737 25.05263157894737
361.0 24.35 24.35
362.0 24.747663551401867 24.747663551401867
363.0 23.819277108433734 23.819277108433734
364.0 24.333333333333332 24.333333333333332
365.0 23.650943396226417 23.650943396226417
366.0 23.544642857142858 23.544642857142858
367.0 24.05263157894737 24.05263157894737
368.0 23.35 23.35
369.0 23.747663551401867 23.747663551401867
370.0 22.819277108433734 22.819277108433734
371.0 23.333333333333332 23.333333333333332
372.0 22.650943396226417 22.650943396226417
373.0 22.544642857142858 22.544642857142858
374.0 23.05263157894737 23.05263157894737
375.0 22.35 22.35
376.0 22.747663551401867 22.747663551401867
377.0 21.819277108433734 21.819277108433734
378.0 22.333333333333332 22.333333333333332
379.0 21.650943396226417 21.650943396226417
380.0 21.544642857142858 21.544642857142858
381.0 22.05263157894737 22.05263157894737
382.0 21.35 21.35
383.0 21.747663551401867 21.747663551401867
384.0 20.819277108433734 20.819277108433734
385.0 21.333333333333332 21.333333333333332
386.0 20.650943396226417 20.650943396226417
387.0 20.544642857142858 20.544642857142858
388.0 21.05263157894737 21.05263157894737
389.0 20.35 20.35
390.0 20.747663551401867 20.747663551401867
391.0 19.819277108433734 19.819277108433734
392.0 20.333333333333332 20.333333333333332
393.0 19.650943396226417 19.650943396226417
394.0 19.544642857142858 19.544642857142858
395.0 20.05263157894737 20.05263157894737
396.0 19.35 19.35
397.0 19.747663551401867 19.747663551401867
398.0 18.819277108433734 18.819277108433734
399.0 19.333333333333332 19.333333333333332
400.0 18.650943396226417 18.650943396226417
401.0 18.544642857142858 18.544642857142858
402.0 19.05263157894737 19.05263157894737
403.0 18.35 18.35
404.0 18.747663551401867 18.747663551401867
405.0 17.819277108433734 17.819277108433734
406.0 18.333333333333332 18.333333333333332
407.0 17.650943396226417 17.650943396226417
408.0 17.544642857142858 17.544642857142858
409.0 18.05263157894737 18.05263157894737
410.0 17.35 17.35
411.0 17.747663551401867 17.747663551401867
412.0 16.819277108433734 16.819277108433734
413.0 17.333333333333332 17.333333333333332
414.0 16.650943396226417 16.650943396226417
415.0 16.544642857142858 16.544642857142858
416.0 17.05263157894737 17.05263157894737
417.0 16.35 16.35
418.0 16.747663551401867 16.747663551401867
419.0 15.819277108433734 15.819277108433734
420.0 16.333333333333332 16.333333333333332
421.0 15.650943396226415 15.650943396226415
422.0 15.544642857142858 15.544642857142858
423.0 16.05263157894737 16.05263157894737
425.0 15.74766355140187 15.74766355140187
426.0 14.819277108433734 14.819277108433734
490.0 14.666666666666666 14.666666666666666
491.0 15.556603773584905 15.556603773584905
492.0 14.919642857142858 14.919642857142858
619.0 38.05263157894737 38.05263157894737
620.0 37.35 37.35
621.0 37.74766355140187 37.74766355140187
622.0 36.81927710843374 36.81927710843374
623.0 37.333333333333336 37.333333333333336
624.0 36.65094339622642 36.65094339622642
625.0 36.544642857142854 36.544642857142854
626.0 37.05263157894737 37.05263157894737
627.0 36.35 36.35
628.0 36.74766355140187 36.74766355140187
629.0 35.81927710843374 35.81927710843374
630.0 36.333333333333336 36.333333333333336
631.0 35.65094339622642 35.65094339622642
632.0 35.544642857142854 35.544642857142854
633.0 36.05263157894737 36.05263157894737
634.0 35.35 35.35
635.0 35.74766355140187 35.74766355140187
636.0 34.81927710843374 34.81927710843374
637.0 35.333333333333336 35.333333333333336
638.0 34.65094339622642 34.65094339622642
639.0 34.544642857142854 34.544642857142854
640.0 35.05263157894737 35.05263157894737
641.0 34.35 34.35
642.0 34.74766355140187 34.74766355140187
643.0 33.81927710843374 33.81927710843374
644.0 34.333333333333336 34.333333333333336
645.0 33.65094339622642 33.65094339622642
646.0 33.544642857142854 33.544642857142854
647.0 34.05263157894737 34.05263157894737
648.0 33.35 33.35
649.0 33.74766355140187 33.74766355140187
650.0 32.81927710843374 32.81927710843374
651.0 33.333333333333336 33.333333333333336
652.0 32.65094339622642 32.65094339622642
653.0 32.544642857142854 32.544642857142854
654.0 33.05263157894737 33.05263157894737
655.0 32.35 32.35
656.0 32.74766355140187 32.74766355140187
657.0 31.819277108433734 31.819277108433734
658.0 32.333333333333336 32.333333333333336
659.0 31.650943396226417 31.650943396226417
660.0 31.544642857142858 31.544642857142858
661.0 32.05263157894737 32.05263157894737
662.0 31.35 31.35
663.0 31.747663551401867 31.747663551401867
664.0 30.819277108433734 30.819277108433734
665.0 31.333333333333332 31.333333333333332
666.0 30.650943396226417 30.650943396226417
667.0 30.544642857142858 30.544642857142858
668.0 31.05263157894737 31.05263157894737
669.0 30.35 30.35
670.0 30.747663551401867 30.747663551401867
671.0 29.819277108433734 29.819277108433734
672.0 30.333333333333332 30.333333333333332
673.0 29.650943396226417 29.650943396226417
674.0 29.544642857142858 29.544642857142858
675.0 30.05263157894737 30.05263157894737
676.0 29.35 29.35
677.0 29.747663551401867 29.747663551401867
678.0 28.819277108433734 28.819277108433734
679.0 29.333333333333332 29.333333333333332
680.0 28.650943396226417 28.650943396226417
681.0 28.544642857142858 28.544642857142858
682.0 29.05263157894737 29.05263157894737
683.0 28.35 28.35
684.0 28.747663551401867 28.747663551401867
685.0 27.819277108433734 27.819277108433734
686.0 28.333333333333332 28.333333333333332
687.0 27.650943396226417 27.650943396226417
688.0 27.544642857142858 27.544642857142858
689.0 28.05263157894737 28.05263157894737
690.0 27.35 27.35
691.0 27.747663551401867 27.747663551401867
692.0 26.819277108433734 26.819277108433734
693.0 27.333333333333332 27.333333333333332
694.0 26.650943396226417 26.650943396226417
695.0 26.544642857142858 26.544642857142858
696.0 27.05263157894737 27.05263157894737
697.0 26.35 26.35
698.0 26.747663551401867 26.747663551401867
699.0 25.819277108433734 25.819277108433734
700.0 26.333333333333332 26.333333333333332
701.0 25.650943396226417 25.650943396226417
702.0 25.544642857142858 25.544642857142858
703.0 26.05263157894737 26.05263157894737
704.0 25.35 25.35
705.0 25.747663551401867 25.747663551401867
706.0 24.819277108433734 24.819277108433734
707.0 25.333333333333332 25.333333333333332
708.0 24.650943396226417 24.650943396226417
709.0 24.544642857142858 24.544642857142858
710.0 25.05263157894737 25.05263157894737
711.0 24.35 24.35
712.0 24.747663551401867 24.747663551401867
713.0 23.819277108433734 23.819277108433734
714.0 24.333333333333332 24.333333333333332
715.0 23.650943396226417 23.650943396226417
716.0 23.544642857142858 23.544642857142858
717.0 24.05263157894737 24.05263157894737
718.0 23.35 23.35
719.0 23.747663551401867 23.747663551401867
720.0 22.819277108433734 22.819277108433734
721.0 23.333333333333332 23.333333333333332
722.0 22.650943396226417 22.650943396226417
723.0 22.544642857142858 22.544642857142858
724.0 23.05263157894737 23.05263157894737
725.0 22.35 22.35
726.0 22.747663551401867 22.747663551401867
727.0 21.819277108433734 21.819277108433734
728.0 22.333333333333332 22.333333333333332
729.0 21.650943396226417 21.650943396226417
730.0 21.544642857142858 21.544642857142858
731.0 22.05263157894737 22.05263157894737
732.0 21.35 21.35
733.0 21.747663551401867 21.747663551401867
734.0 20.819277108433734 20.819277108433734
735.0 21.333333333333332 21.333333333333332
736.0 20.650943396226417 20.650943396226417
737.0 20.544642857142858 20.544642857142858
738.0 21.05263157894737 21.05263157894737
739.0 20.35 20.35
740.0 20.747663551401867 20.747663551401867
741.0 19.819277108433734 19.819277108433734
742.0 20.333333333333332 20.333333333333332
743.0 19.650943396226417 19.650943396226417
744.0 19.544642857142858 19.544642857142858
745.0 20.05263157894737 20.05263157894737
746.0 19.35 19.35
747.0 19.747663551401867 19.747663551401867
748.0 18.819277108433734 18.819277108433734
749.0 19.333333333333332 19.333333333333332
750.0 18.650943396226417 18.650943396226417
751.0 18.544642857142858 18.544642857142858
752.0 19.05263157894737 19.05263157894737
753.0 18.35 18.35
754.0 18.747663551401867 18.747663551401867
755.0 17.819277108433734 17.819277108433734
756.0 18.333333333333332 18.333333333333332
757.0 17.650943396226417 17.650943396226417
758.0 17.544642857142858 17.544642857142858
759.0 18.05263157894737 18.05263157894737
760.0 17.35 17.35
761.0 17.747663551401867 17.747663551401867
762.0 16.819277108433734 16.819277108433734
763.0 17.333333333333332 17.333333333333332
764.0 16.650943396226417 16.650943396226417
765.0 16.544642857142858 16.544642857142858
766.0 17.05263157894737 17.05263157894737
767.0 16.35 16.35
768.0 16.747663551401867 16.747663551401867
769.0 15.819277108433734 15.819277108433734
770.0 16.333333333333332 16.333333333333332
771.0 15.650943396226415 15.650943396226415
772.0 15.544642857142858 15.544642857142858
773.0 16.05263157894737 16.05263157894737
775.0 15.74766355140187 15.74766355140187
776.0 14.819277108433734 14.819277108433734
840.0 14.666666666666666 14.666666666666666
841.0 15.556603773584905 15.556603773584905
842.0 14.919642857142858 14.919642857142858
969.0 38.05263157894737 38.05263157894737
970.0 37.35 37.35
971.0 37.74766355140187 37.74766355140187
972.0 36.81927710843374 36.81927710843374
973.0 37.333333333333336 37.333333333333336
974.0 36.65094339622642 36.65094339622642
975.0 36.544642857142854 36.544642857142854
976.0 37.05263157894737 37.05263157894737
977.0 36.35 36.35
978.0 36.74766355140187 36.74766355140187
979.0 35.81927710843374 35.81927710843374
980.0 36.333333333333336 36.333333333333336
981.0 35.65094339622642 35.65094339622642
982.0 35.544642857142854 35.544642857142854
983.0 36.05263157894737 36.05263157894737
984.0 35.35 35.35
985.0 35.74766355140187 35.74766355140187
986.0 34.81927710843374 34.81927710843374
987.0 35.333333333333336 35.333333333333336
988.0 34.65094339622642 34.65094339622642
989.0 34.544642857142854 34.544642857142854
990.0 35.05263157894737 35.05263157894737
991.0 34.35 34.35
992.0 34.74766355140187 34.74766355140187
993.0 33.81927710843374 33.81927710843374
994.0 34.333333333333336 34.333333333333336
995.0 33.65094339622642 33.65094339622642
996.0 33.544642857142854 33.544642857142854
997.0 34.05263157894737 34.05263157894737
998.0 33.35 33.35
999.0 33.74766355140187 33.74766355140187
1000.0 32.81927710843374 32.81927710843374
1001.0 33.333333333333336 33.333333333333336
1002.0 32.65094339622642 32.65094339622642
1003.0 32.544642857142854 32.544642857142854
1004.0 33.05263157894737 33.05263157894737
1005.0 32.35 32.35
1006.0 32.74766355140187 32.74766355140187
1007.0 31.819277108433734 31.819277108433734
1008.0 32.333333333333336 32.333333333333336
1009.0 31.650943396226417 31.650943396226417
1010.0 31.544642857142858 31.544642857142858
1011.0 32.05263157894737 32.05263157894737
1012.0 31.35 31.35
1013.0 31.747663551401867 31.747663551401867
1014.0 30.819277108433734 30.819277108433734
1015.0 31.333333333333332 31.333333333333332
1016.0 30.650943396226417 30.650943396226417
1017.0 30.544642857142858 30.544642857142858
1018.0 31.05263157894737 31.05263157894737
1019.0 30.35 30.35
1020.0 30.747663551401867 30.747663551401867
1021.0 29.819277108433734 29.819277108433734
1022.0 30.333333333333332 30.333333333333332
1023.0 29.650943396226417 29.650943396226417
1024.0 29.544642857142858 29.544642857142858
1025.0 30.05263157894737 30.05263157894737
1026.0 29.35 29.35
1027.0 29.747663551401867 29.747663551401867
1028.0 28.819277108433734 28.819277108433734
1029.0 29.333333333333332 29.333333333333332
1030.0 28.650943396226417 28.650943396226417
1031.0 28.544642857142858 28.544642857142858
1032.0 29.05263157894737 29.05263157894737
1033.0 28.35 28.35
1034.0 28.747663551401867 28.747663551401867
1035.0 27.819277108433734 27.819277108433734
1036.0 28.333333333333332 28.333333333333332
1037.0 27.650943396226417 27.650943396226417
1038.0 27.544642857142858 27.544642857142858
1039.0 28.05263157894737 28.05263157894737
1040.0 27.35 27.35
1041.0 27.747663551401867 27.747663551401867
1042.0 26.819277108433734 26.819277108433734
1043.0 27.333333333333332 27.333333333333332
1044.0 26.650943396226417 26.650943396226417
1045.0 26.544642857142858 26.544642857142858
1046.0 27.05263157894737 27.05263157894737
1047.0 26.35 26.35
1048.0 26.747663551401867 26.747663551401867
1049.0 25.819277108433734 25.819277108433734
1050.0 26.333333333333332 26.333333333333332
1051.0 25.650943396226417 25.650943396226417
1052.0 25.544642857142858 25.544642857142858
1053.0 26.05263157894737 26.05263157894737
1054.0 25.35 25.35
1055.0 25.747663551401867 25.747663551401867
1056.0 24.819277108433734 24.819277108433734
1057.0 25.333333333333332 25.333333333333332
1058.0 24.650943396226417 24.650943396226417
1059.0 24.544642857142858 24.544642857142858
1060.0 25.05263157894737 25.05263157894737
1061.0 24.35 24.35
1062.0 24.747663551401867 24.747663551401867
1063.0 23.819277108433734 23.819277108433734
1064.0 24.333333333333332 24.333333333333332
1065.0 23.650943396226417 23.650943396226417
1066.0 23.544642857142858 23.544642857142858
1067.0 24.05263157894737 24.05263157894737
1068.0 23.35 23.35
1069.0 23.747663551401867 23.747663551401867
1070.0 22.819277108433734 22.819277108433734
1071.0 23.333333333333332 23.333333333333332
1072.0 22.650943396226417 22.650943396226417
1073.0 22.544642857142858 22.544642857142858
1074.0 23.05263157894737 23.05263157894737
1075.0 22.35 22.35
1076.0 22.747663551401867 22.747663551401867
1077.0 21.819277108433734 21.819277108433734
1078.0 22.333333333333332 22.333333333333332
1079.0 21.650943396226417 21.650943396226417
1080.0 21.544642857142858 21.544642857142858
1081.0 22.05263157894737 22.05263157894737
1082.0 21.35 21.35
1083.0 21.747663551401867 21.747663551401867
1084.0 20.819277108433734 20.819277108433734
1085.0 21.333333333333332 21.333333333333332
1086.0 20.650943396226417 20.650943396226417
1087.0 20.544642857142858 20.544642857142858
1088.0 21.05263157894737 21.05263157894737
1089.0 20.35 20.35
1090.0 20.747663551401867 20.747663551401867
1091.0 19.819277108433734 19.819277108433734
1092.0 20.333333333333332 20.333333333333332
1093.0 19.650943396226417 19.650943396226417
1094.0 19.544642857142858 19.544642857142858
1095.0 20.05263157894737 20.05263157894737
1096.0 19.35 19.35
1097.0 19.747663551401867 19.747663551401867
1098.0 18.819277108433734 18.819277108433734
1099.0 19.333333333333332 19.333333333333332
1100.0 18.650943396226417 18.650943396226417
1101.0 18.544642857142858 18.544642857142858
1102.0 19.05263157894737 19.05263157894737
1103.0 18.35 18.35
1104.0 18.747663551401867 18.747663551401867
1105.0 17.819277108433734 17.819277108433734
1106.0 18.333333333333332 18.333333333333332
1107.0 17.650943396226417 17.650943396226417
1108.0 17.544642857142858 17.544642857142858
1109.0 18.05263157894737 18.05263157894737
1110.0 17.35 17.35
1111.0 17.747663551401867 17.747663551401867
1112.0 16.819277108433734 16.819277108433734
1113.0 17.333333333333332 17.333333333333332
1114.0 16.650943396226417 16.650943396226417
1115.0 16.544642857142858 16.544642857142858
1116.0 17.05263157894737 17.05263157894737
1117.0 16.35 16.35
1118.0 16.747663551401867 16.747663551401867
1119.0 15.819277108433734 15.819277108433734
1120.0 16.333333333333332 16.333333333333332
1121.0 15.650943396226415 15.650943396226415
1122.0 15.544642857142858 15.544642857142858
1123.0 16.05263157894737 16.05263157894737
1125.0 15.74766355140187 15.74766355140187
1126.0 14.819277108433734 14.819277108433734
1190.0 14.666666666666666 14.666666666666666
1191.0 15.556603773584905 15.556603773584905
1192.0 14.919642857142858 14.919642857142858
1319.0 38.05263157894737 38.05263157894737
1320.0 37.35 37.35
1321.0 37.74766355140187 37.74766355140187
1322.0 36.81927710843374 36.81927710843374
1323.0 37.333333333333336 37.333333333333336
1324.0 36.65094339622642 36.65094339622642
1325.0 36.544642857142854 36.544642857142854
1326.0 37.05263157894737 37.05263157894737
1327.0 36.35 36.35
1328.0 36.74766355140187 36.74766355140187
1329.0 35.81927710843374 35.81927710843374
1330.0 36.333333333333336 36.333333333333336
1331.0 35.65094339622642 35.65094339622642
1332.0 35.544642857142854 35.544642857142854
1333.0 36.05263157894737 36.05263157894737
1334.0 35.35 35.35
1335.0 35.74766355140187 35.74766355140187
1336.0 34.81927710843374 34.81927710843374
1337.0 35.333333333333336 35.333333333333336
1338.0 34.65094339622642 34.65094339622642
1339.0 34.544642857142854 34.544642857142854
1340.0 35.05263157894737 35.05263157894737
1341.0 34.35 34.35
1342.0 34.74766355140187 34.74766355140187
1343.0 33.81927710843374 33.81927710843374
1344.0 34.333333333333336 34.333333333333336
1345.0 33.65094339622642 33.65094339622642
1346.0 33.544642857142854 33.544642857142854
1347.0 34.05263157894737 34.05263157894737
1348.0 33.35 33.35
1349.0 33.74766355140187 33.74766355140187
1350.0 32.81927710843374 32.81927710843374
1351.0 33.333333333333336 33.333333333333336
1352.0 32.65094339622642 32.65094339622642
1353.0 32.544642857142854 32.544642857142854
1354.0 33.05263157894737 33.05263157894737
1355.0 32.35 32.35
1356.0 32.74766355140187 32.74766355140187
1357.0 31.819277108433734 31.819277108433734
1358.0 32.333333333333336 32.333333333333336
1359.0 31.650943396226417 31.650943396226417
1360.0 31.544642857142858 31.544642857142858
1361.0 32.05263157894737 32.05263157894737
1362.0 31.35 31.35
1363.0 31.747663551401867 31.747663551401867
1364.0 30.819277108433734 30.819277108433734
1365.0 31.333333333333332 31.333333333333332
1366.0 30.650943396226417 30.650943396226417
1367.0 30.544642857142858 30.544642857142858
1368.0 31.05263157894737 31.05263157894737
1369.0 30.35 30.35
1370.0 30.747663551401867 30.747663551401867
1371.0 29.819277108433734 29.819277108433734
1372.0 30.333333333333332 30.333333333333332
1373.0 29.650943396226417 29.650943396226417
1374.0 29.544642857142858 29.544642857142858
1375.0 30.05263157894737 30.05263157894737
1376.0 29.35 29.35
1377.0 29.747663551401867 29.747663551401867
1378.0 28.819277108433734 28.819277108433734
1379.0 29.333333333333332 29.333333333333332
1380.0 28.650943396226417 28.650943396226417
1381.0 28.544642857142858 28.544642857142858
1382.0 29.05263157894737 29.05263157894737
1383.0 28.35 28.35
1384.0 28.747663551401867 28.747663551401867
1385.0 27.819277108433734 27.819277108433734
1386.0 28.333333333333332 28.333333333333332
1387.0 27.650943396226417 27.650943396226417
1388.0 27.544642857142858 27.544642857142858
1389.0 28.05263157894737 28.05263157894737
1390.0 27.35 27.35
1391.0 27.747663551401867 27.747663551401867
1392.0 26.819277108433734 26.819277108433734
1393.0 27.333333333333332 27.333333333333332
1394.0 26.650943396226417 26.650943396226417
1395.0 26.544642857142858 26.544642857142858
1396.0 27.05263157894737 27.05263157894737
1397.0 26.35 26.35
1398.0 26.747663551401867 26.747663551401867
1399.0 25.819277108433734 25.819277108433734
1400.0 26.333333333333332 26.333333333333332
1401.0 25.650943396226417 25.650943396226417
1402.0 25.544642857142858 25.544642857142858
1403.0 26.05263157894737 26.05263157894737
1404.0 25.35 25.35
1405.0 25.747663551401867 25.747663551401867
1406.0 24.819277108433734 24.819277108433734
1407.0 25.333333333333332 25.333333333333332
1408.0 24.650943396226417 24.650943396226417
1409.0 24.544642857142858 24.544642857142858
1410.0 25.05263157894737 25.05263157894737
1411.0 24.35 24.35
1412.0 24.747663551401867 24.747663551401867
1413.0 23.819277108433734 23.819277108433734
1414.0 24.333333333333332 24.333333333333332
1415.0 23.650943396226417 23.650943396226417
1416.0 23.544642857142858 23.544642857142858
1417.0 24.05263157894737 24.05263157894737
1418.0 23.35 23.35
1419.0 23.747663551401867 23.747663551401867
1420.0 22.819277108433734 22.819277108433734
1421.0 23.333333333333332 23.333333333333332
1422.0 22.650943396226417 22.650943396226417
1423.0 22.544642857142858 22.544642857142858
1424.0 23.05263157894737 23.05263157894737
1425.0 22.35 22.35
1426.0 22.747663551401867 22.747663551401867
1427.0 21.819277108433734 21.819277108433734
1428.0 22.333333333333332 22.333333333333332
1429.0 21.650943396226417 21.650943396226417
1430.0 21.544642857142858 21.544642857142858
1431.0 22.05263157894737 22.05263157894737
1432.0 21.35 21.35
1433.0 21.747663551401867 21.747663551401867
1434.0 20.819277108433734 20.819277108433734
1435.0 21.333333333333332 21.333333333333332
1436.0 20.650943396226417 20.650943396226417
1437.0 20.544642857142858 20.544642857142858
1438.0 21.05263157894737 21.05263157894737
1439.0 20.35 20.35
1440.0 20.747663551401867 20.747663551401867
1441.0 19.819277108433734 19.819277108433734
1442.0 20.333333333333332 20.333333333333332
1443.0 19.650943396226417 19.650943396226417
1444.0 19.544642857142858 19.544642857142858
1445.0 20.05263157894737 20.05263157894737
1446.0 19.35 19.35
1447.0 19.747663551401867 19.747663551401867
1448.0 18.819277108433734 18.819277108433734
1449.0 19.333333333333332 19.333333333333332
1450.0 18.650943396226417 18.650943396226417
1451.0 18.544642857142858 18.544642857142858
1452.0 19.05263157894737 19.05263157894737
1453.0 18.35 18.35
1454.0 18.747663551401867 18.747663551401867
1455.0 17.819277108433734 17.819277108433734
1456.0 18.333333333333332 18.333333333333332
1457.0 17.650943396226417 17.650943396226417
1458.0 17.544642857142858 17.544642857142858
1459.0 18.05263157894737 18.05263157894737
1460.0 17.35 17.35
1461.0 17.747663551401867 17.747663551401867
1462.0 16.819277108433734 16.819277108433734
1463.0 17.333333333333332 17.333333333333332
1464.0 16.650943396226417 16.650943396226417
1465.0 16.544642857142858 16.544642857142858
1466.0 17.05263157894737 17.05263157894737
1467.0 16.35 16.35
1468.0 16.747663551401867 16.747663551401867
1469.0 15.819277108433734 15.819277108433734
1470.0 16.333333333333332 16.333333333333332
1471.0 15.650943396226415 15.650943396226415
1472.0 15.544642857142858 15.544642857142858
1473.0 16.05263157894737 16.05263157894737
1475.0 15.74766355140187 15.74766355140187
1476.0 14.819277108433734 14.819277108433734
1540.0 14.666666666666666 14.666666666666666
1541.0 15.556603773584905 15.556603773584905
1542.0 14.919642857142858 14.919642857142858
1669.0 38.05263157894737 38.05263157894737
1670.0 37.35 37.35
1671.0 37.74766355140187 37.74766355140187
1672.0 36.81927710843374 36.81927710843374
1673.0 37.333333333333336 37.333333333333336
1674.0 36.65094339622642 36.65094339622642
1675.0 36.544642857142854 36.544642857142854
1676.0 37.05263157894737 37.05263157894737
1677.0 36.35 36.35
1678.0 36.74766355140187 36.74766355140187
1679.0 35.81927710843374 35.81927710843374
1680.0 36.333333333333336 36.333333333333336
1681.0 35.65094339622642 35.65094339622642
1682.0 35.544642857142854 35.544642857142854
1683.0 36.05263157894737 36.05263157894737
1684.0 35.35 35.35
1685.0 35.74766355140187 35.74766355140187
1686.0 34.81927710843374 34.81927710843374
1687.0 35.333333333333336 35.333333333333336
1688.0 34.65094339622642 34.65094339622642
1689.0 34.544642857142854 34.544642857142854
1690.0 35.05263157894737 35.05263157894737
1691.0 34.35 34.35
1692.0 34.74766355140187 34.74766355140187
1693.0 33.81927710843374 33.81927710843374
1694.0 34.333333333333336 34.333333333333336
1695.0 33.65094339622642 33.65094339622642
1696.0 33.544642857142854 33.544642857142854
1697.0 34.05263157894737 34.05263157894737
1698.0 33.35 33.35
1699.0 33.74766355140187 33.74766355140187
1700.0 32.81927710843374 32.81927710843374
1701.0 33.333333333333336 33.333333333333336
1702.0 32.65094339622642 32.65094339622642
1703.0 32.544642857142854 32.544642857142854
1704.0 33.05263157894737 33.05263157894737
1705.0 32.35 32.35
1706.0 32.74766355140187 32.74766355140187
1707.0 31.819277108433734 31.819277108433734
1708.0 32.333333333333336 32.333333333333336
1709.0 31.650943396226417 31.650943396226417
1710.0 31.544642857142858 31.544642857142858
1711.0 32.05263157894737 32.05263157894737
1712.0 31.35 31.35
1713.0 31.747663551401867 31.747663551401867
1714.0 30.819277108433734 30.819277108433734
1715.0 31.333333333333332 31.333333333333332
1716.0 30.650943396226417 30.650943396226417
1717.0 30.544642857142858 30.544642857142858
1718.0 31.05263157894737 31.05263157894737
1719.0 30.35 30.35
1720.0 30.747663551401867 30.747663551401867
1721.0 29.819277108433734 29.819277108433734
1722.0 30.333333333333332 30.333333333333332
1723.0 29.650943396226417 29.650943396226417
1724.0 29.544642857142858 29.544642857142858
1725.0 30.05263157894737 30.05263157894737
1726.0 29.35 29.35
1727.0 29.747663551401867 29.747663551401867
1728.0 28.819277108433734 28.819277108433734
1729.0 29.333333333333332 29.333333333333332
1730.0 28.650943396226417 28.650943396226417
1731.0 28.544642857142858 28.544642857142858
1732.0 29.05263157894737 29.05263157894737
1733.0 28.35 28.35
1734.0 28.747663551401867 28.747663551401867
1735.0 27.819277108433734 27.819277108433734
1736.0 28.333333333333332 28.333333333333332
1737.0 27.650943396226417 27.650943396226417
1738.0 27.544642857142858 27.544642857142858
1739.0 28.05263157894737 28.05263157894737
1740.0 27.35 27.35
1741.0 27.747663551401867 27.747663551401867
1742.0 26.819277108433734 26.819277108433734
1743.0 27.333333333333332 27.333333333333332
1744.0 26.650943396226417 26.650943396226417
1745.0 26.544642857142858 26.544642857142858
1746.0 27.05263157894737 27.05263157894737
1747.0 26.35 26.35
1748.0 26.747663551401867 26.747663551401867
1749.0 25.819277108433734 25.819277108433734
1750.0 26.333333333333332 26.333333333333332
1751.0 25.650943396226417 25.650943396226417
1752.0 25.544642857142858 25.544642857142858
1753.0 26.05263157894737 26.05263157894737
1754.0 25.35 25.35
1755.0 25.747663551401867 25.747663551401867
1756.0 24.819277108433734 24.819277108433734
1757.0 25.333333333333332 25.333333333333332
1758.0 24.650943396226417 24.650943396226417
1759.0 24.544642857142858 24.544642857142858
1760.0 25.05263157894737 25.05263157894737
1761.0 24.35 24.35
1762.0 24.747663551401867 24.747663551401867
1763.0 23.819277108433734 23.819277108433734
1764.0 24.333333333333332 24.333333333333332
1765.0 23.650943396226417 23.650943396226417
1766.0 23.544642857142858 23.544642857142858
1767.0 24.05263157894737 24.05263157894737
1768.0 23.35 23.35
1769.0 23.747663551401867 23.747663551401867
1770.0 22.819277108433734 22.819277108433734
1771.0 23.333333333333332 23.333333333333332
1772.0 22.650943396226417 22.650943396226417
1773.0 22.544642857142858 22.544642857142858
1774.0 23.05263157894737 23.05263157894737
1775.0 22.35 22.35
1776.0 22.747663551401867 22.747663551401867
1777.0 21.819277108433734 21.819277108433734
1778.0 22.333333333333332 22.333333333333332
1779.0 21.650943396226417 21.650943396226417
1780.0 21.544642857142858 21.544642857142858
1781.0 22.05263157894737 22.05263157894737
1782.0 21.35 21.35
1783.0 21.747663551401867 21.747663551401867
1784.0 20.819277108433734 20.819277108433734
1785.0 21.333333333333332 21.333333333333332
1786.0 20.650943396226417 20.650943396226417
1787.0 20.544642857142858 20.544642857142858
1788.0 21.05263157894737 21.05263157894737
1789.0 20.35 20.35
1790.0 20.747663551401867 20.747663551401867
1791.0 19.819277108433734 19.819277108433734
1792.0 20.333333333333332 20.333333333333332
1793.0 19.650943396226417 19.650943396226417
1794.0 19.544642857142858 19.544642857142858
1795.0 20.05263157894737 20.05263157894737
1796.0 19.35 19.35
1797.0 19.747663551401867 19.747663551401867
1798.0 18.819277108433734 18.819277108433734
1799.0 19.333333333333332 19.333333333333332
1800.0 18.650943396226417 18.650943396226417
1801.0 18.544642857142858 18.544642857142858
1802.0 19.05263157894737 19.05263157894737
1803.0 18.35 18.35
1804.0 18.747663551401867 18.747663551401867
1805.0 17.819277108433734 17.819277108433734
1806.0 18.333333333333332 18.333333333333332
1807.0 17.650943396226417 17.650943396226417
1808.0 17.544642857142858 17.544642857142858
1809.0 18.05263157894737 18.05263157894737
1810.0 17.35 17.35
1811.0 17.747663551401867 17.747663551401867
1812.0 16.819277108433734 16.819277108433734
1813.0 17.333333333333332 17.333333333333332
1814.0 16.650943396226417 16.650943396226417
1815.0 16.544642857142858 16.544642857142858
1816.0 17.05263157894737 17.05263157894737
1817.0 16.35 16.35
1818.0 16.747663551401867 16.747663551401867
1819.0 15.819277108433734 15.819277108433734
1820.0 16.333333333333332 16.333333333333332
1821.0 15.650943396226415 15.650943396226415
1822.0 15.544642857142858 15.544642857142858
1823.0 16.05263157894737 16.05263157894737
1825.0 15.74766355140187 15.74766355140187
1826.0 14.819277108433734 14.819277108433734
1890.0 14.666666666666666 14.666666666666666
1891.0 15.556603773584905 15.556603773584905
1892.0 14.919642857142858 14.919642857142858
2019.0 38.05263157894737 38.05263157894737
2020.0 37.35 37.35
2021.0 37.74766355140187 37.74766355140187
2022.0 36.81927710843374 36.81927710843374
2023.0 37.333333333333336 37.333333333333336
2024.0 36.65094339622642 36.65094339622642
2025.0 36.544642857142854 36.544642857142854
2026.0 37.05263157894737 37.05263157894737
2027.0 36.35 36.35
2028.0 36.74766355140187 36.74766355140187
2029.0 35.81927710843374 35.81927710843374
2030.0 36.333333333333336 36.333333333333336
2031.0 35.65094339622642 35.65094339622642
2032.0 35.544642857142854 35.544642857142854
2033.0 36.05263157894737 36.05263157894737
2034.0 35.35 35.35
2035.0 35.74766355140187 35.74766355140187
2036.0 34.81927710843374 34.81927710843374
2037.0 35.333333333333336 35.333333333333336
2038.0 34.65094339622642 34.65094339622642
2039.0 34.544642857142854 34.544642857142854
2040.0 35.05263157894737 35.05263157894737
2041.0 34.35 34.35
2042.0 34.74766355140187 34.74766355140187
2043.0 33.81927710843374 33.81927710843374
2044.0 34.333333333333336 34.333333333333336
2045.0 33.65094339622642 33.65094339622642
2046.0 33.544642857142854 33.544642857142854
2047.0 34.05263157894737 34.05263157894737
2048.0 33.35 33.35
2049.0 33.74766355140187 33.74766355140187
2050.0 32.81927710843374 32.81927710843374
2051.0 33.333333333333336 33.333333333333336
2052.0 32.65094339622642 32.65094339622642
2053.0 32.544642857142854 32.544642857142854
2054.0 33.05263157894737 33.05263157894737
2055.0 32.35 32.35
2056.0 32.74766355140187 32.74766355140187
2057.0 31.819277108433734 31.819277108433734
2058.0 32.333333333333336 32.333333333333336
2059.0 31.650943396226417 31.650943396226417
2060.0 31.544642857142858 31.544642857142858
2061.0 32.05263157894737 32.05263157894737
2062.0 31.35 31.35
2063.0 31.747663551401867 31.747663551401867
2064.0 30.819277108433734 30.819277108433734
2065.0 31.333333333333332 31.333333333333332
2066.0 30.650943396226417 30.650943396226417
2067.0 30.544642857142858 30.544642857142858
2068.0 31.05263157894737 31.05263157894737
2069.0 30.35 30.35
2070.0 30.747663551401867 30.747663551401867
2071.0 29.819277108433734 29.819277108433734
2072.0 30.333333333333332 30.333333333333332
2073.0 29.650943396226417 29.650943396226417
2074.0 29.544642857142858 29.544642857142858
2075.0 30.05263157894737 30.05263157894737
2076.0 29.35 29.35
2077.0 29.747663551401867 29.747663551401867
2078.0 28.819277108433734 28.819277108433734
2079.0 29.333333333333332 29.333333333333332
2080.0 28.650943396226417 28.650943396226417
2081.0 28.544642857142858 28.544642857142858
2082.0 29.05263157894737 29.05263157894737
2083.0 28.35 28.35
2084.0 28.747663551401867 28.747663551401867
2085.0 27.819277108433734 27.819277108433734
2086.0 28.333333333333332 28.333333333333332
2087.0 27.650943396226417 27.650943396226417
2088.0 27.544642857142858 27.544642857142858
2089.0 28.05263157894737 28.05263157894737
2090.0 27.35 27.35
2091.0 27.747663551401867 27.747663551401867
2092.0 26.819277108433734 26.819277108433734
2093.0 27.333333333333332 27.333333333333332
2094.0 26.650943396226417 26.650943396226417
2095.0 26.544642857142858 26.544642857142858
2096.0 27.05263157894737 27.05263157894737
2097.0 26.35 26.35
2098.0 26.747663551401867 26.747663551401867
2099.0 25.819277108433734 25.819277108433734
2100.0 26.333333333333332 26.333333333333332
2101.0 25.650943396226417 25.650943396226417
2102.0 25.544642857142858 25.544642857142858
2103.0 26.05263157894737 26.05263157894737
2104.0 25.35 25.35
2105.0 25.747663551401867 25.747663551401867
2106.0 24.819277108433734 24.819277108433734
2107.0 25.333333333333332 25.333333333333332
2108.0 24.650943396226417 24.650943396226417
2109.0 24.544642857142858 24.544642857142858
2110.0 25.05263157894737 25.05263157894737
2111.0 24.35 24.35
2112.0 24.747663551401867 24.747663551401867
2113.0 23.819277108433734 23.819277108433734
2114.0 24.333333333333332 24.333333333333332
2115.0 23.650943396226417 23.650943396226417
2116.0 23.544642857142858 23.544642857142858
2117.0 24.05263157894737 24.05263157894737
2118.0 23.35 23.35
2119.0 23.747663551401867 23.747663551401867
2120.0 22.819277108433734 22.819277108433734
2121.0 23.333333333333332 23.333333333333332
2122.0 22.650943396226417 22.650943396226417
2123.0 22.544642857142858 22.544642857142858
2124.0 23.05263157894737 23.05263157894737
2125.0 22.35 22.35
2126.0 22.747663551401867 22.747663551401867
2127.0 21.819277108433734 21.819277108433734
2128.0 22.333333333333332 22.333333333333332
2129.0 21.650943396226417 21.650943396226417
2130.0 21.544642857142858 21.544642857142858
2131.0 22.05263157894737 22.05263157894737
2132.0 21.35 21.35
2133.0 21.747663551401867 21.747663551401867
2134.0 20.819277108433734 20.819277108433734
2135.0 21.333333333333332 21.333333333333332
2136.0 20.650943396226417 20.650943396226417
2137.0 20.544642857142858 20.544642857142858
2138.0 21.05263157894737 21.05263157894737
2139.0 20.35 20.35
2140.0 20.747663551401867 20.747663551401867
2141.0 19.819277108433734 19.819277108433734
2142.0 20.333333333333332 20.333333333333332
2143.0 19.650943396226417 19.650943396226417
2144.0 19.544642857142858 19.544642857142858
2145.0 20.05263157894737 20.05263157894737
2146.0 19.35 19.35
2147.0 19.747663551401867 19.747663551401867
2148.0 18.819277108433734 18.819277108433734
2149.0 19.333333333333332 19.333333333333332
2150.0 18.650943396226417 18.650943396226417
2151.0 18.544642857142858 18.544642857142858
2152.0 19.05263157894737 19.05263157894737
2153.0 18.35 18.35
2154.0 18.747663551401867 18.747663551401867
2155.0 17.819277108433734 17.819277108433734
2156.0 18.333333333333332 18.333333333333332
2157.0 17.650943396226417 17.650943396226417
2158.0 17.544642857142858 17.544642857142858
2159.0 18.05263157894737 18.05263157894737
2160.0 17.35 17.35
2161.0 17.747663551401867 17.747663551401867
2162.0 16.819277108433734 16.819277108433734
2163.0 17.333333333333332 17.333333333333332
2164.0 16.650943396226417 16.650943396226417
2165.0 16.544642857142858 16.544642857142858
2166.0 17.05263157894737 17.05263157894737
2167.0 16.35 16.35
2168.0 16.747663551401867 16.747663551401867
2169.0 15.819277108433734 15.819277108433734
2170.0 16.333333333333332 16.333333333333332
2171.0 15.650943396226415 15.650943396226415
2172.0 15.544642857142858 15.544642857142858
2173.0 16.05263157894737 16.05263157894737
2175.0 15.74766355140187 15.74766355140187
2176.0 14.819277108433734 14.819277108433734
2240.0 14.666666666666666 14.666666666666666
2241.0 15.556603773584905 15.556603773584905
2242.0 14.919642857142858 14.919642857142858
2369.0 38.05263157894737 38.05263157894737
2370.0 37.35 37.35
2371.0 37.74766355140187 37.74766355140187
2372.0 36.81927710843374 36.81927710843374
2373.0 37.333333333333336 37.333333333333336
2374.0 36.65094339622642 36.65094339622642
2375.0 36.544642857142854 36.544642857142854
2376.0 37.05263157894737 37.05263157894737
2377.0 36.35 36.35
2378.0 36.74766355140187 36.74766355140187
2379.0 35.81927710843374 35.81927710843374
2380.0 36.333333333333336 36.333333333333336
2381.0 35.65094339622642 35.65094339622642
2382.0 35.544642857142854 35.544642857142854
2383.0 36.05263157894737 36.05263157894737
2384.0 35.35 35.35
2385.0 35.74766355140187 35.74766355140187
2386.0 34.81927710843374 34.81927710843374
2387.0 35.333333333333336 35.333333333333336
2388.0 34.65094339622642 34.65094339622642
2389.0 34.544642857142854 34.544642857142854
2390.0 35.05263157894737 35.05263157894737
2391.0 34.35 34.35
2392.0 34.74766355140187 34.74766355140187
2393.0 33.81927710843374 33.81927710843374
2394.0 34.333333333333336 34.333333333333336
2395.0 33.65094339622642 33.65094339622642
2396.0 33.544642857142854 33.544642857142854
2397.0 34.05263157894737 34.05263157894737
2398.0 33.35 33.35
2399.0 33.74766355140187 33.74766355140187
2400.0 32.81927710843374 32.81927710843374
2401.0 33.333333333333336 33.333333333333336
2402.0 32.65094339622642 32.65094339622642
2403.0 32.544642857142854 32.544642857142854
2404.0 33.05263157894737 33.05263157894737
2405.0 32.35 32.35
2406.0 32.74766355140187 32.74766355140187
2407.0 31.819277108433734 31.819277108433734
2408.0 32.333333333333336 32.333333333333336
2409.0 31.650943396226417 31.650943396226417
2410.0 31.544642857142858 31.544642857142858
2411.0 32.05263157894737 32.05263157894737
2412.0 31.35 31.35
2413.0 31.747663551401867 31.747663551401867
2414.0 30.819277108433734 30.819277108433734
2415.0 31.333333333333332 31.333333333333332
2416.0 30.650943396226417 30.650943396226417
2417.0 30.544642857142858 30.544642857142858
2418.0 31.05263157894737 31.05263157894737
2419.0 30.35 30.35
2420.0 30.747663551401867 30.747663551401867
2421.0 29.819277108433734 29.819277108433734
2422.0 30.333333333333332 30.333333333333332
2423.0 29.650943396226417 29.650943396226417
2424.0 29.544642857142858 29.544642857142858
2425.0 30.05263157894737 30.05263157894737
2426.0 29.35 29.35
2427.0 29.747663551401867 29.747663551401867
2428.0 28.819277108433734 28.819277108433734
2429.0 29.333333333333332 29.333333333333332
2430.0 28.650943396226417 28.650943396226417
2431.0 28.544642857142858 28.544642857142858
2432.0 29.05263157894737 29.05263157894737
2433.0 28.35 28.35
2434.0 28.747663551401867 28.747663551401867
2435.0 27.819277108433734 27.819277108433734
2436.0 28.333333333333332 28.333333333333332
2437.0 27.650943396226417 27.650943396226417
2438.0 27.544642857142858 27.544642857142858
2439.0 28.05263157894737 28.05263157894737
2440.0 27.35 27.35
2441.0 27.747663551401867 27.747663551401867
2442.0 26.819277108433734 26.819277108433734
2443.0 27.333333333333332 27.333333333333332
2444.0 26.650943396226417 26.650943396226417
2445.0 26.544642857142858 26.544642857142858
2446.0 27.05263157894737 27.05263157894737
2447.0 26.35 26.35
2448.0 26.747663551401867 26.747663551401867
2449.0 25.819277108433734 25.819277108433734
2450.0 26.333333333333332 26.333333333333332
2451.0 25.650943396226417 25.650943396226417
2452.0 25.544642857142858 25.544642857142858
2453.0 26.05263157894737 26.05263157894737
2454.0 25.35 25.35
2455.0 25.747663551401867 25.747663551401867
2456.0 24.819277108433734 24.819277108433734
2457.0 25.333333333333332 25.333333333333332
2458.0 24.650943396226417 24.650943396226417
2459.0 24.544642857142858 24.544642857142858
2460.0 25.05263157894737 25.05263157894737
2461.0 24.35 24.35
2462.0 24.747663551401867 24.747663551401867
2463.0 23.819277108433734 23.819277108433734
2464.0 24.333333333333332 24.333333333333332
2465.0 23.650943396226417 23.650943396226417
2466.0 23.544642857142858 23.544642857142858
2467.0 24.05263157894737 24.05263157894737
2468.0 23.35 23.35
2469.0 23.747663551401867 23.747663551401867
2470.0 22.819277108433734 22.819277108433734
2471.0 23.333333333333332 23.333333333333332
2472.0 22.650943396226417 22.650943396226417
2473.0 22.544642857142858 22.544642857142858
2474.0 23.05263157894737 23.05263157894737
2475.0 22.35 22.35
2476.0 22.747663551401867 22.747663551401867
2477.0 21.819277108433734 21.819277108433734
2478.0 22.333333333333332 22.333333333333332
2479.0 21.650943396226417 21.650943396226417
2480.0 21.544642857142858 21.544642857142858
2481.0 22.05263157894737 22.05263157894737
2482.0 21.35 21.35
2483.0 21.747663551401867 21.747663551401867
2484.0 20.819277108433734 20.819277108433734
2485.0 21.333333333333332 21.333333333333332
2486.0 20.650943396226417 20.650943396226417
2487.0 20.544642857142858 20.544642857142858
2488.0 21.05263157894737 21.05263157894737
2489.0 20.35 20.35
2490.0 20.747663551401867 20.747663551401867
2491.0 19.819277108433734 19.819277108433734
2492.0 20.333333333333332 20.333333333333332
2493.0 19.650943396226417 19.650943396226417
2494.0 19.544642857142858 19.544642857142858
2495.0 20.05263157894737 20.05263157894737
2496.0 19.35 19.35
2497.0 19.747663551401867 19.747663551401867
2498.0 18.819277108433734 18.819277108433734
2499.0 19.333333333333332 19.333333333333332
2500.0 18.650943396226417 18.650943396226417
2501.0 18.544642857142858 18.544642857142858
2502.0 19.05263157894737 19.05263157894737
2503.0 18.35 18.35
2504.0 18.747663551401867 18.747663551401867
2505.0 17.819277108433734 17.819277108433734
2506.0 18.333333333333332 18.333333333333332
2507.0 17.650943396226417 17.650943396226417
2508.0 17.544642857142858 17.544642857142858
2509.0 18.05263157894737 18.05263157894737
2510.0 17.35 17.35
2511.0 17.747663551401867 17.747663551401867
2512.0 16.819277108433734 16.819277108433734
2513.0 17.333333333333332 17.333333333333332
2514.0 16.650943396226417 16.650943396226417
2515.0 16.544642857142858 16.544642857142858
2516.0 17.05263157894737 17.05263157894737
2517.0 16.35 16.35
2518.0 16.747663551401867 16.747663551401867
2519.0 15.819277108433734 15.819277108433734
2520.0 16.333333333333332 16.333333333333332
2521.0 15.650943396226415 15.650943396226415
2522.0 15.544642857142858 15.544642857142858
2523.0 16.05263157894737 16.05263157894737
2525.0 15.74766355140187 15.74766355140187
2526.0 14.819277108433734 14.819277108433734
2590.0 14.666666666666666 14.666666666666666
2591.0 15.556603773584905 15.556603773584905
2592.0 14.919642857142858 14.919642857142858
2719.0 38.05263157894737 38.05263157894737
2720.0 37.35 37.35
2721.0 37.74766355140187 37.74766355140187
2722.0 36.81927710843374 36.81927710843374
2723.0 37.333333333333336 37.333333333333336
2724.0 36.65094339622642 36.65094339622642
2725.0 36.544642857142854 36.544642857142854
2726.0 37.05263157894737 37.05263157894737
2727.0 36.35 36.35
2728.0 36.74766355140187 36.74766355140187
2729.0 35.81927710843374 35.81927710843374
2730.0 36.333333333333336 36.333333333333336
2731.0 35.65094339622642 35.65094339622642
2732.0 35.544642857142854 35.544642857142854
2733.0 36.05263157894737 36.05263157894737
2734.0 35.35 35.35
2735.0 35.74766355140187 35.74766355140187
2736.0 34.81927710843374 34.81927710843374
2737.0 35.333333333333336 35.333333333333336
2738.0 34.65094339622642 34.65094339622642
2739.0 34.544642857142854 34.544642857142854
2740.0 35.05263157894737 35.05263157894737
2741.0 34.35 34.35
2742.0 34.74766355140187 34.74766355140187
2743.0 33.81927710843374 33.81927710843374
2744.0 34.333333333333336 34.333333333333336
2745.0 33.65094339622642 33.65094339622642
2746.0 33.544642857142854 33.544642857142854
2747.0 34.05263157894737 34.05263157894737
2748.0 33.35 33.35
2749.0 33.74766355140187 33.74766355140187
2750.0 32.81927710843374 32.81927710843374
2751.0 33.333333333333336 33.333333333333336
2752.0 32.65094339622642 32.65094339622642
2753.0 32.544642857142854 32.544642857142854
2754.0 33.05263157894737 33.05263157894737
2755.0 32.35 32.35
2756.0 32.74766355140187 32.74766355140187
2757.0 31.819277108433734 31.819277108433734
2758.0 32.333333333333336 32.333333333333336
2759.0 31.650943396226417 31.650943396226417
2760.0 31.544642857142858 31.544642857142858
2761.0 32.05263157894737 32.05263157894737
2762.0 31.35 31.35
2763.0 31.747663551401867 31.747663551401867
2764.0 30.819277108433734 30.819277108433734
2765.0 31.333333333333332 31.333333333333332
2766.0 30.650943396226417 30.650943396226417
2767.0 30.544642857142858 30.544642857142858
2768.0 31.05263157894737 31.05263157894737
2769.0 30.35 30.35
2770.0 30.747663551401867 30.747663551401867
2771.0 29.819277108433734 29.819277108433734
2772.0 30.333333333333332 30.333333333333332
2773.0 29.650943396226417 29.650943396226417
2774.0 29.544642857142858 29.544642857142858
2775.0 30.05263157894737 30.05263157894737
2776.0 29.35 29.35
2777.0 29.747663551401867 29.747663551401867
2778.0 28.819277108433734 28.819277108433734
2779.0 29.333333333333332 29.333333333333332
2780.0 28.650943396226417 28.650943396226417
2781.0 28.544642857142858 28.544642857142858
2782.0 29.05263157894737 29.05263157894737
2783.0 28.35 28.35
2784.0 28.747663551401867 28.747663551401867
2785.0 27.819277108433734 27.819277108433734
2786.0 28.333333333333332 28.333333333333332
2787.0 27.650943396226417 27.650943396226417
2788.0 27.544642857142858 27.544642857142858
2789.0 28.05263157894737 28.05263157894737
2790.0 27.35 27.35
2791.0 27.747663551401867 27.747663551401867
2792.0 26.819277108433734 26.819277108433734
2793.0 27.333333333333332 27.333333333333332
2794.0 26.650943396226417 26.650943396226417
2795.0 26.544642857142858 26.544642857142858
2796.0 27.05263157894737 27.05263157894737
2797.0 26.35 26.35
2798.0 26.747663551401867 26.747663551401867
2799.0 25.819277108433734 25.819277108433734
2800.0 26.333333333333332 26.333333333333332
2801.0 25.650943396226417 25.650943396226417
2802.0 25.544642857142858 25.544642857142858
2803.0 26.05263157894737 26.05263157894737
2804.0 25.35 25.35
2805.0 25.747663551401867 25.747663551401867
2806.0 24.819277108433734 24.819277108433734
2807.0 25.333333333333332 25.333333333333332
2808.0 24.650943396226417 24.650943396226417
2809.0 24.544642857142858 24.544642857142858
2810.0 25.05263157894737 25.05263157894737
2811.0 24.35 24.35
2812.0 24.747663551401867 24.747663551401867
2813.0 23.819277108433734 23.819277108433734
2814.0 24.333333333333332 24.333333333333332
2815.0 23.650943396226417 23.650943396226417
2816.0 23.544642857142858 23.544642857142858
2817.0 24.05263157894737 24.05263157894737
2818.0 23.35 23.35
2819.0 23.747663551401867 23.747663551401867
2820.0 22.819277108433734 22.819277108433734
2821.0 23.333333333333332 23.333333333333332
2822.0 22.650943396226417 22.650943396226417
2823.0 22.544642857142858 22.544642857142858
2824.0 23.05263157894737 23.05263157894737
2825.0 22.35 22.35
2826.0 22.747663551401867 22.747663551401867
2827.0 21.819277108433734 21.819277108433734
2828.0 22.333333333333332 22.333333333333332
2829.0 21.650943396226417 21.650943396226417
2830.0 21.544642857142858 21.544642857142858
2831.0 22.05263157894737 22.05263157894737
2832.0 21.35 21.35
2833.0 21.747663551401867 21.747663551401867
2834.0 20.819277108433734 20.819277108433734
2835.0 21.333333333333332 21.333333333333332
2836.0 20.650943396226417 20.650943396226417
2837.0 20.544642857142858 20.544642857142858
2838.0 21.05263157894737 21.05263157894737
2839.0 20.35 20.35
2840.0 20.747663551401867 20.747663551401867
2841.0 19.819277108433734 19.819277108433734
2842.0 20.333333333333332 20.333333333333332
2843.0 19.650943396226417 19.650943396226417
2844.0 19.544642857142858 19.544642857142858
2845.0 20.05263157894737 20.05263157894737
2846.0 19.35 19.35
2847.0 19.747663551401867 19.747663551401867
2848.0 18.819277108433734 18.819277108433734
2849.0 19.333333333333332 19.333333333333332
2850.0 18.650943396226417 18.650943396226417
2851.0 18.544642857142858 18.544642857142858
2852.0 19.05263157894737 19.05263157894737
2853.0 18.35 18.35
2854.0 18.747663551401867 18.747663551401867
2855.0 17.819277108433734 17.819277108433734
2856.0 18.333333333333332 18.333333333333332
2857.0 17.650943396226417 17.650943396226417
2858.0 17.544642857142858 17.544642857142858
2859.0 18.05263157894737 18.05263157894737
2860.0 17.35 17.35
2861.0 17.747663551401867 17.747663551401867
2862.0 16.819277108433734 16.819277108433734
2863.0 17.333333333333332 17.333333333333332
2864.0 16.650943396226417 16.650943396226417
2865.0 16.544642857142858 16.544642857142858
2866.0 17.05263157894737 17.05263157894737
2867.0 16.35 16.35
2868.0 16.747663551401867 16.747663551401867
2869.0 15.819277108433734 15.819277108433734
2870.0 16.333333333333332 16.333333333333332
2871.0 15.650943396226415 15.650943396226415
2872.0 15.544642857142858 15.544642857142858
2873.0 16.05263157894737 16.05263157894737
2875.0 15.74766355140187 15.74766355140187
2876.0 14.819277108433734 14.819277108433734
2940.0 14.666666666666666 14.666666666666666
2941.0 15.556603773584905 15.556603773584905
2942.0 14.919642857142858 14.919642857142858
3069.0 38.05263157894737 38.05263157894737
3070.0 37.35 37.35
3071.0 37.74766355140187 37.74766355140187
3072.0 36.81927710843374 36.81927710843374
3073.0 37.333333333333336 37.333333333333336
3074.0 36.65094339622642 36.65094339622642
3075.0 36.544642857142854 36.544642857142854
3076.0 37.05263157894737 37.05263157894737
3077.0 36.35 36.35
3078.0 36.74766355140187 36.74766355140187
3079.0 35.81927710843374 35.81927710843374
3080.0 36.333333333333336 36.333333333333336
3081.0 35.65094339622642 35.65094339622642
3082.0 35.544642857142854 35.544642857142854
3083.0 36.05263157894737 36.05263157894737
3084.0 35.35 35.35
3085.0 35.74766355140187 35.74766355140187
3086.0 34.81927710843374 34.81927710843374
3087.0 35.333333333333336 35.333333333333336
3088.0 34.65094339622642 34.65094339622642
3089.0 34.544642857142854 34.544642857142854
3090.0 35.05263157894737 35.05263157894737
3091.0 34.35 34.35
3092.0 34.74766355140187 34.74766355140187
3093.0 33.81927710843374 33.81927710843374
3094.0 34.333333333333336 34.333333333333336
3095.0 33.65094339622642 33.65094339622642
3096.0 33.544642857142854 33.544642857142854
3097.0 34.05263157894737 34.05263157894737
3098.0 33.35 33.35
3099.0 33.74766355140187 33.74766355140187
3100.0 32.81927710843374 32.81927710843374
3101.0 33.333333333333336 33.333333333333336
3102.0 32.65094339622642 32.65094339622642
3103.0 32.544642857142854 32.544642857142854
3104.0 33.05263157894737 33.05263157894737
3105.0 32.35 32.35
3106.0 32.74766355140187 32.74766355140187
3107.0 31.819277108433734 31.819277108433734
3108.0 32.333333333333336 32.333333333333336
3109.0 31.650943396226417 31.650943396226417
3110.0 31.544642857142858 31.544642857142858
3111.0 32.05263157894737 32.05263157894737
3112.0 31.35 31.35
3113.0 31.747663551401867 31.747663551401867
3114.0 30.819277108433734 30.819277108433734
3115.0 31.333333333333332 31.333333333333332
3116.0 30.650943396226417 30.650943396226417
3117.0 30.544642857142858 30.544642857142858
3118.0 31.05263157894737 31.05263157894737
3119.0 30.35 30.35
3120.0 30.747663551401867 30.747663551401867
3121.0 29.819277108433734 29.819277108433734
3122.0 30.333333333333332 30.333333333333332
3123.0 29.650943396226417 29.650943396226417
3124.0 29.544642857142858 29.544642857142858
3125.0 30.05263157894737 30.05263157894737
3126.0 29.35 29.35
3127.0 29.747663551401867 29.747663551401867
3128.0 28.819277108433734 28.819277108433734
3129.0 29.333333333333332 29.333333333333332
3130.0 28.650943396226417 28.650943396226417
3131.0 28.544642857142858 28.544642857142858
3132.0 29.05263157894737 29.05263157894737
3133.0 28.35 28.35
3134.0 28.747663551401867 28.747663551401867
3135.0 27.819277108433734 27.819277108433734
3136.0 28.333333333333332 28.333333333333332
3137.0 27.650943396226417 27.650943396226417
3138.0 27.544642857142858 27.544642857142858
3139.0 28.05263157894737 28.05263157894737
3140.0 27.35 27.35
3141.0 27.747663551401867 27.747663551401867
3142.0 26.819277108433734 26.819277108433734
3143.0 27.333333333333332 27.333333333333332
3144.0 26.650943396226417 26.650943396226417
3145.0 26.544642857142858 26.544642857142858
3146.0 27.05263157894737 27.05263157894737
3147.0 26.35 26.35
3148.0 26.747663551401867 26.747663551401867
3149.0 25.819277108433734 25.819277108433734
3150.0 26.333333333333332 26.333333333333332
3151.0 25.650943396226417 25.650943396226417
3152.0 25.544642857142858 25.544642857142858
3153.0 26.05263157894737 26.05263157894737
3154.0 25.35 25.35
3155.0 25.747663551401867 25.747663551401867
3156.0 24.819277108433734 24.819277108433734
3157.0 25.333333333333332 25.333333333333332
3158.0 24.650943396226417 24.650943396226417
3159.0 24.544642857142858 24.544642857142858
3160.0 25.05263157894737 25.05263157894737
3161.0 24.35 24.35
3162.0 24.747663551401867 24.747663551401867
3163.0 23.819277108433734 23.819277108433734
3164.0 24.333333333333332 24.333333333333332
3165.0 23.650943396226417 23.650943396226417
3166.0 23.544642857142858 23.544642857142858
3167.0 24.05263157894737 24.05263157894737
3168.0 23.35 23.35
3169.0 23.747663551401867 23.747663551401867
3170.0 22.819277108433734 22.819277108433734
3171.0 23.333333333333332 23.333333333333332
3172.0 22.650943396226417 22.650943396226417
3173.0 22.544642857142858 22.544642857142858
3174.0 23.05263157894737 23.05263157894737
3175.0 22.35 22.35
3176.0 22.747663551401867 22.747663551401867
3177.0 21.819277108433734 21.819277108433734
3178.0 22.333333333333332 22.333333333333332
3179.0 21.650943396226417 21.650943396226417
3180.0 21.544642857142858 21.544642857142858
3181.0 22.05263157894737 22.05263157894737
3182.0 21.35 21.35
3183.0 21.747663551401867 21.747663551401867
3184.0 20.819277108433734 20.819277108433734
3185.0 21.333333333333332 21.333333333333332
3186.0 20.650943396226417 20.650943396226417
3187.0 20.544642857142858 20.544642857142858
3188.0 21.05263157894737 21.05263157894737
3189.0 20.35 20.35
3190.0 20.747663551401867 20.747663551401867
3191.0 19.819277108433734 19.819277108433734
3192.0 20.333333333333332 20.333333333333332
3193.0 19.650943396226417 19.650943396226417
3194.0 19.544642857142858 19.544642857142858
3195.0 20.05263157894737 20.05263157894737
3196.0 19.35 19.35
3197.0 19.747663551401867 19.747663551401867
3198.0 18.819277108433734 18.819277108433734
3199.0 19.333333333333332 19.333333333333332
3200.0 18.650943396226417 18.650943396226417
3201.0 18.544642857142858 18.544642857142858
3202.0 19.05263157894737 19.05263157894737
3203.0 18.35 18.35
3204.0 18.747663551401867 18.747663551401867
3205.0 17.819277108433734 17.819277108433734
3206.0 18.333333333333332 18.333333333333332
3207.0 17.650943396226417 17.650943396226417
3208.0 17.544642857142858 17.544642857142858
3209.0 18.05263157894737 18.05263157894737
3210.0 17.35 17.35
3211.0 17.747663551401867 17.747663551401867
3212.0 16.819277108433734 16.819277108433734
3213.0 17.333333333333332 17.333333333333332
3214.0 16.650943396226417 16.650943396226417
3215.0 16.544642857142858 16.544642857142858
3216.0 17.05263157894737 17.05263157894737
3217.0 16.35 16.35
3218.0 16.747663551401867 16.747663551401867
3219.0 15.819277108433734 15.819277108433734
3220.0 16.333333333333332 16.333333333333332
3221.0 15.650943396226415 15.650943396226415
3222.0 15.544642857142858 15.544642857142858
3223.0 16.05263157894737 16.05263157894737
3225.0 15.74766355140187 15.74766355140187
3226.0 14.819277108433734 14.819277108433734
3290.0 14.666666666666666 14.666666666666666
3291.0 15.556603773584905 15.556603773584905
3292.0 14.919642857142858 14.919642857142858
3419.0 38.05263157894737 38.05263157894737
3420.0 37.35 37.35
3421.0 37.74766355140187 37.74766355140187
3422.0 36.81927710843374 36.81927710843374
3423.0 37.333333333333336 37.333333333333336
3424.0 36.65094339622642 36.65094339622642
3425.0 36.544642857142854 36.544642857142854
3426.0 37.05263157894737 37.05263157894737
3427.0 36.35 36.35
3428.0 36.74766355140187 36.74766355140187
3429.0 35.81927710843374 35.81927710843374
3430.0 36.333333333333336 36.333333333333336
3431.0 35.65094339622642 35.65094339622642
3432.0 35.544642857142854 35.544642857142854
3433.0 36.05263157894737 36.05263157894737
3434.0 35.35 35.35
3435.0 35.74766355140187 35.74766355140187
3436.0 34.81927710843374 34.81927710843374
3437.0 35.333333333333336 35.333333333333336
3438.0 34.65094339622642 34.65094339622642
3439.0 34.544642857142854 34.544642857142854
3440.0 35.05263157894737 35.05263157894737
3441.0 34.35 34.35
3442.0 34.74766355140187 34.74766355140187
3443.0 33.81927710843374 33.81927710843374
3444.0 34.333333333333336 34.333333333333336
3445.0 33.65094339622642 33.65094339622642
3446.0 33.544642857142854 33.544642857142854
3447.0 34.05263157894737 34.05263157894737
3448.0 33.35 33.35
3449.0 33.74766355140187 33.74766355140187
3450.0 32.81927710843374 32.81927710843374
3451.0 33.333333333333336 33.333333333333336
3452.0 32.65094339622642 32.65094339622642
3453.0 32.544642857142854 32.544642857142854
3454.0 33.05263157894737 33.05263157894737
3455.0 32.35 32.35
3456.0 32.74766355140187 32.74766355140187
3457.0 31.819277108433734 31.819277108433734
3458.0 32.333333333333336 32.333333333333336
3459.0 31.650943396226417 31.650943396226417
3460.0 31.544642857142858 31.544642857142858
3461.0 32.05263157894737 32.05263157894737
3462.0 31.35 31.35
3463.0 31.747663551401867 31.747663551401867
3464.0 30.819277108433734 30.819277108433734
3465.0 31.333333333333332 31.333333333333332
3466.0 30.650943396226417 30.650943396226417
3467.0 30.544642857142858 30.544642857142858
3468.0 31.05263157894737 31.05263157894737
3469.0 30.35 30.35
3470.0 30.747663551401867 30.747663551401867
3471.0 29.819277108433734 29.819277108433734
3472.0 30.333333333333332 30.333333333333332
3473.0 29.650943396226417 29.650943396226417
3474.0 29.544642857142858 29.544642857142858
3475.0 30.05263157894737 30.05263157894737
3476.0 29.35 29.35
3477.0 29.747663551401867 29.747663551401867
3478.0 28.819277108433734 28.819277108433734
3479.0 29.333333333333332 29.333333333333332
3480.0 28.650943396226417 28.650943396226417
3481.0 28.544642857142858 28.544642857142858
3482.0 29.05263157894737 29.05263157894737
3483.0 28.35 28.35
3484.0 28.747663551401867 28.747663551401867
3485.0 27.819277108433734 27.819277108433734
3486.0 28.333333333333332 28.333333333333332
3487.0 27.650943396226417 27.650943396226417
3488.0 27.544642857142858 27.544642857142858
3489.0 28.05263157894737 28.05263157894737
3490.0 27.35 27.35
3491.0 27.747663551401867 27.747663551401867
3492.0 26.819277108433734 26.819277108433734
3493.0 27.333333333333332 27.333333333333332
3494.0 26.650943396226417 26.650943396226417
3495.0 26.544642857142858 26.544642857142858
3496.0 27.05263157894737 27.05263157894737
3497.0 26.35 26.35
3498.0 26.747663551401867 26.747663551401867
3499.0 25.819277108433734 25.819277108433734
3500.0 26.333333333333332 26.333333333333332
3501.0 25.650943396226417 25.650943396226417
3502.0 25.544642857142858 25.544642857142858
3503.0 26.05263157894737 26.05263157894737
3504.0 25.35 25.35
3505.0 25.747663551401867 25.747663551401867
3506.0 24.819277108433734 24.819277108433734
3507.0 25.333333333333332 25.333333333333332
3508.0 24.650943396226417 24.650943396226417
3509.0 24.544642857142858 24.544642857142858
3510.0 25.05263157894737 25.05263157894737
3511.0 24.35 24.35
3512.0 24.747663551401867 24.747663551401867
3513.0 23.819277108433734 23.819277108433734
3514.0 24.333333333333332 24.333333333333332
3515.0 23.650943396226417 23.650943396226417
3516.0 23.544642857142858 23.544642857142858
3517.0 24.05263157894737 24.05263157894737
3518.0 23.35 23.35
3519.0 23.747663551401867 23.747663551401867
3520.0 22.819277108433734 22.819277108433734
3521.0 23.333333333333332 23.333333333333332
3522.0 22.650943396226417 22.650943396226417
3523.0 22.544642857142858 22.544642857142858
3524.0 23.05263157894737 23.05263157894737
3525.0 22.35 22.35
3526.0 22.747663551401867 22.747663551401867
3527.0 21.819277108433734 21.819277108433734
3528.0 22.333333333333332 22.333333333333332
3529.0 21.650943396226417 21.650943396226417
3530.0 21.544642857142858 21.544642857142858
3531.0 22.05263157894737 22.05263157894737
3532.0 21.35 21.35
3533.0 21.747663551401867 21.747663551401867
3534.0 20.819277108433734 20.819277108433734
3535.0 21.333333333333332 21.333333333333332
3536.0 20.650943396226417 20.650943396226417
3537.0 20.544642857142858 20.544642857142858
3538.0 21.05263157894737 21.05263157894737
3539.0 20.35 20.35
3540.0 20.747663551401867 20.747663551401867
3541.0 19.819277108433734 19.819277108433734
3542.0 20.333333333333332 20.333333333333332
3543.0 19.650943396226417 19.650943396226417
3544.0 19.544642857142858 19.544642857142858
3545.0 20.05263157894737 20.05263157894737
3546.0 19.35 19.35
3547.0 19.747663551401867 19.747663551401867
3548.0 18.819277108433734 18.819277108433734
3549.0 19.333333333333332 19.333333333333332
3550.0 18.650943396226417 18.650943396226417
3551.0 18.544642857142858 18.544642857142858
3552.0 19.05263157894737 19.05263157894737
3553.0 18.35 18.35
3554.0 18.747663551401867 18.747663551401867
3555.0 17.819277108433734 17.819277108433734
3556.0 18.333333333333332 18.333333333333332
3557.0 17.650943396226417 17.650943396226417
3558.0 17.544642857142858 17.544642857142858
3559.0 18.05263157894737 18.05263157894737
3560.0 17.35 17.35
3561.0 17.747663551401867 17.747663551401867
3562.0 16.819277108433734 16.819277108433734
3563.0 17.333333333333332 17.333333333333332
3564.0 16.650943396226417 16.650943396226417
3565.0 16.544642857142858 16.544642857142858
3566.0 17.05263157894737 17.05263157894737
3567.0 16.35 16.35
3568.0 16.747663551401867 16.747663551401867
3569.0 15.819277108433734 15.819277108433734
3570.0 16.333333333333332 16.333333333333332
3571.0 15.650943396226415 15.650943396226415
3572.0 15.544642857142858 15.544642857142858
3573.0 16.05263157894737 16.05263157894737
3575.0 15.74766355140187 15.74766355140187
3576.0 14.819277108433734 14.819277108433734
3640.0 14.666666666666666 14.666666666666666
3641.0 15.556603773584905 15.556603773584905
3642.0 14.919642857142858 14.919642857142858
3769.0 38.05263157894737 38.05263157894737
3770.0 37.35 37.35
3771.0 37.74766355140187 37.74766355140187
3772.0 36.81927710843374 36.81927710843374
3773.0 37.333333333333336 37.333333333333336
3774.0 36.65094339622642 36.65094339622642
3775.0 36.544642857142854 36.544642857142854
3776.0 37.05263157894737 37.05263157894737
3777.0 36.35 36.35
3778.0 36.74766355140187 36.74766355140187
3779.0 35.81927710843374 35.81927710843374
3780.0 36.333333333333336 36.333333333333336
3781.0 35.65094339622642 35.65094339622642
3782.0 35.544642857142854 35.544642857142854
3783.0 36.05263157894737 36.05263157894737
3784.0 35.35 35.35
3785.0 35.74766355140187 35.74766355140187
3786.0 34.81927710843374 34.81927710843374
3787.0 35.333333333333336 35.333333333333336
3788.0 34.65094339622642 34.65094339622642
3789.0 34.544642857142854 34.544642857142854
3790.0 35.05263157894737 35.05263157894737
3791.0 34.35 34.35
3792.0 34.74766355140187 34.74766355140187
3793.0 33.81927710843374 33.81927710843374
3794.0 34.333333333333336 34.333333333333336
3795.0 33.65094339622642 33.65094339622642
3796.0 33.544642857142854 33.544642857142854
3797.0 34.05263157894737 34.05263157894737
3798.0 33.35 33.35
3799.0 33.74766355140187 33.74766355140187
3800.0 32.81927710843374 32.81927710843374
3801.0 33.333333333333336 33.333333333333336
3802.0 32.65094339622642 32.65094339622642
3803.0 32.544642857142854 32.544642857142854
3804.0 33.05263157894737 33.05263157894737
3805.0 32.35 32.35
3806.0 32.74766355140187 32.74766355140187
3807.0 31.819277108433734 31.819277108433734
3808.0 32.333333333333336 32.333333333333336
3809.0 31.650943396226417 31.650943396226417
3810.0 31.544642857142858 31.544642857142858
3811.0 32.05263157894737 32.05263157894737
3812.0 31.35 31.35
3813.0 31.747663551401867 31.747663551401867
3814.0 30.819277108433734 30.819277108433734
3815.0 31.333333333333332 31.333333333333332
3816.0 30.650943396226417 30.650943396226417
3817.0 30.544642857142858 30.544642857142858
3818.0 31.05263157894737 31.05263157894737
3819.0 30.35 30.35
3820.0 30.747663551401867 30.747663551401867
3821.0 29.819277108433734 29.819277108433734
3822.0 30.333333333333332 30.333333333333332
3823.0 29.650943396226417 29.650943396226417
3824.0 29.544642857142858 29.544642857142858
3825.0 30.05263157894737 30.05263157894737
3826.0 29.35 29.35
3827.0 29.747663551401867 29.747663551401867
3828.0 28.819277108433734 28.819277108433734
3829.0 29.333333333333332 29.333333333333332
3830.0 28.650943396226417 28.650943396226417
3831.0 28.544642857142858 28.544642857142858
3832.0 29.05263157894737 29.05263157894737
3833.0 28.35 28.35
3834.0 28.747663551401867 28.747663551401867
3835.0 27.819277108433734 27.819277108433734
3836.0 28.333333333333332 28.333333333333332
3837.0 27.650943396226417 27.650943396226417
3838.0 27.544642857142858 27.544642857142858
3839.0 28.05263157894737 28.05263157894737
3840.0 27.35 27.35
3841.0 27.747663551401867 27.747663551401867
3842.0 26.819277108433734 26.819277108433734
3843.0 27.333333333333332 27.333333333333332
3844.0 26.650943396226417 26.650943396226417
3845.0 26.544642857142858 26.544642857142858
3846.0 27.05263157894737 27.05263157894737
3847.0 26.35 26.35
3848.0 26.747663551401867 26.747663551401867
3849.0 25.819277108433734 25.819277108433734
3850.0 26.333333333333332 26.333333333333332
3851.0 25.650943396226417 25.650943396226417
3852.0 25.544642857142858 25.544642857142858
3853.0 26.05263157894737 26.05263157894737
3854.0 25.35 25.35
3855.0 25.747663551401867 25.747663551401867
3856.0 24.819277108433734 24.819277108433734
3857.0 25.333333333333332 25.333333333333332
3858.0 24.650943396226417 24.650943396226417
3859.0 24.544642857142858 24.544642857142858
3860.0 25.05263157894737 25.05263157894737
3861.0 24.35 24.35
3862.0 24.747663551401867 24.747663551401867
3863.0 23.819277108433734 23.819277108433734
3864.0 24.333333333333332 24.333333333333332
3865.0 23.650943396226417 23.650943396226417
3866.0 23.544642857142858 23.544642857142858
3867.0 24.05263157894737 24.05263157894737
3868.0 23.35 23.35
3869.0 23.747663551401867 23.747663551401867
3870.0 22.819277108433734 22.819277108433734
3871.0 23.333333333333332 23.333333333333332
3872.0 22.650943396226417 22.650943396226417
3873.0 22.544642857142858 22.544642857142858
3874.0 23.05263157894737 23.05263157894737
3875.0 22.35 22.35
3876.0 22.747663551401867 22.747663551401867
3877.0 21.819277108433734 21.819277108433734
3878.0 22.333333333333332 22.333333333333332
3879.0 21.650943396226417 21.650943396226417
3880.0 21.544642857142858 21.544642857142858
3881.0 22.05263157894737 22.05263157894737
3882.0 21.35 21.35
3883.0 21.747663551401867 21.747663551401867
3884.0 20.819277108433734 20.819277108433734
3885.0 21.333333333333332 21.333333333333332
3886.0 20.650943396226417 20.650943396226417
3887.0 20.544642857142858 20.544642857142858
3888.0 21.05263157894737 21.05263157894737
3889.0 20.35 20.35
3890.0 20.747663551401867 20.747663551401867
3891.0 19.819277108433734 19.819277108433734
3892.0 20.333333333333332 20.333333333333332
3893.0 19.650943396226417 19.650943396226417
3894.0 19.544642857142858 19.544642857142858
3895.0 20.05263157894737 20.05263157894737
3896.0 19.35 19.35
3897.0 19.747663551401867 19.747663551401867
3898.0 18.819277108433734 18.819277108433734
3899.0 19.333333333333332 19.333333333333332
3900.0 18.650943396226417 18.650943396226417
3901.0 18.544642857142858 18.544642857142858
3902.0 19.05263157894737 19.05263157894737
3903.0 18.35 18.35
3904.0 18.747663551401867 18.747663551401867
3905.0 17.819277108433734 17.819277108433734
3906.0 18.333333333333332 18.333333333333332
3907.0 17.650943396226417 17.650943396226417
3908.0 17.544642857142858 17.544642857142858
3909.0 18.05263157894737 18.05263157894737
3910.0 17.35 17.35
3911.0 17.747663551401867 17.747663551401867
3912.0 16.819277108433734 16.819277108433734
3913.0 17.333333333333332 17.333333333333332
3914.0 16.650943396226417 16.650943396226417
3915.0 16.544642857142858 16.544642857142858
3916.0 17.05263157894737 17.05263157894737
3917.0 16.35 16.35
3918.0 16.747663551401867 16.747663551401867
3919.0 15.819277108433734 15.819277108433734
3920.0 16.333333333333332 16.333333333333332
3921.0 15.650943396226415 15.650943396226415
3922.0 15.544642857142858 15.544642857142858
3923.0 16.05263157894737 16.05263157894737
3925.0 15.74766355140187 15.74766355140187
3926.0 14.819277108433734 14.819277108433734
3990.0 14.666666666666666 14.666666666666666
3991.0 15.556603773584905 15.556603773584905
3992.0 14.919642857142858 14.919642857142858
4119.0 38.05263157894737 38.05263157894737
4120.0 37.35 37.35
4121.0 37.74766355140187 37.74766355140187
4122.0 36.81927710843374 36.81927710843374
4123.0 37.333333333333336 37.333333333333336
4124.0 36.65094339622642 36.65094339622642
4125.0 36.544642857142854 36.544642857142854
4126.0 37.05263157894737 37.05263157894737
4127.0 36.35 36.35
4128.0 36.74766355140187 36.74766355140187
4129.0 35.81927710843374 35.81927710843374
4130.0 36.333333333333336 36.333333333333336
4131.0 35.65094339622642 35.65094339622642
4132.0 35.544642857142854 35.544642857142854
4133.0 36.05263157894737 36.05263157894737
4134.0 35.35 35.35
4135.0 35.74766355140187 35.74766355140187
4136.0 34.81927710843374 34.81927710843374
4137.0 35.333333333333336 35.333333333333336
4138.0 34.65094339622642 34.65094339622642
4139.0 34.544642857142854 34.544642857142854
4140.0 35.05263157894737 35.05263157894737
4141.0 34.35 34.35
4142.0 34.74766355140187 34.74766355140187
4143.0 33.81927710843374 33.81927710843374
4144.0 34.333333333333336 34.333333333333336
4145.0 33.65094339622642 33.65094339622642
4146.0 33.544642857142854 33.544642857142854
4147.0 34.05263157894737 34.05263157894737
4148.0 33.35 33.35
4149.0 33.74766355140187 33.74766355140187
4150.0 32.81927710843374 32.81927710843374
4151.0 33.333333333333336 33.333333333333336
4152.0 32.65094339622642 32.65094339622642
4153.0 32.544642857142854 32.544642857142854
4154.0 33.05263157894737 33.05263157894737
4155.0 32.35 32.35
4156.0 32.74766355140187 32.74766355140187
4157.0 31.819277108433734 31.819277108433734
4158.0 32.333333333333336 32.333333333333336
4159.0 31.650943396226417 31.650943396226417
4160.0 31.544642857142858 31.544642857142858
4161.0 32.05263157894737 32.05263157894737
4162.0 31.35 31.35
4163.0 31.747663551401867 31.747663551401867
4164.0 30.819277108433734 30.819277108433734
4165.0 31.333333333333332 31.333333333333332
4166.0 30.650943396226417 30.650943396226417
4167.0 30.544642857142858 30.544642857142858
4168.0 31.05263157894737 31.05263157894737
4169.0 30.35 30.35
4170.0 30.747663551401867 30.747663551401867
4171.0 29.819277108433734 29.819277108433734
4172.0 30.333333333333332 30.333333333333332
4173.0 29.650943396226417 29.650943396226417
4174.0 29.544642857142858 29.544642857142858
4175.0 30.05263157894737 30.05263157894737
4176.0 29.35 29.35
4177.0 29.747663551401867 29.747663551401867
4178.0 28.819277108433734 28.819277108433734
4179.0 29.333333333333332 29.333333333333332
4180.0 28.650943396226417 28.650943396226417
4181.0 28.544642857142858 28.544642857142858
4182.0 29.05263157894737 29.05263157894737
4183.0 28.35 28.35
4184.0 28.747663551401867 28.747663551401867
4185.0 27.819277108433734 27.819277108433734
4186.0 28.333333333333332 28.333333333333332
4187.0 27.650943396226417 27.650943396226417
4188.0 27.544642857142858 27.544642857142858
4189.0 28.05263157894737 28.05263157894737
4190.0 27.35 27.35
4191.0 27.747663551401867 27.747663551401867
4192.0 26.819277108433734 26.819277108433734
4193.0 27.333333333333332 27.333333333333332
4194.0 26.650943396226417 26.650943396226417
4195.0 26.544642857142858 26.544642857142858
4196.0 27.05263157894737 27.05263157894737
4197.0 26.35 26.35
4198.0 26.747663551401867 26.747663551401867
4199.0 25.819277108433734 25.819277108433734
4200.0 26.333333333333332 26.333333333333332
4201.0 25.650943396226417 25.650943396226417
4202.0 25.544642857142858 25.544642857142858
4203.0 26.05263157894737 26.05263157894737
4204.0 25.35 25.35
4205.0 25.747663551401867 25.747663551401867
4206.0 24.819277108433734 24.819277108433734
4207.0 25.333333333333332 25.333333333333332
4208.0 24.650943396226417 24.650943396226417
4209.0 24.544642857142858 24.544642857142858
4210.0 25.05263157894737 25.05263157894737
4211.0 24.35 24.35
4212.0 24.747663551401867 24.747663551401867
4213.0 23.819277108433734 23.819277108433734
4214.0 24.333333333333332 24.333333333333332
4215.0 23.650943396226417 23.650943396226417
4216.0 23.544642857142858 23.544642857142858
4217.0 24.05263157894737 24.05263157894737
4218.0 23.35 23.35
4219.0 23.747663551401867 23.747663551401867
4220.0 22.819277108433734 22.819277108433734
4221.0 23.333333333333332 23.333333333333332
4222.0 22.650943396226417 22.650943396226417
4223.0 22.544642857142858 22.544642857142858
4224.0 23.05263157894737 23.05263157894737
4225.0 22.35 22.35
4226.0 22.747663551401867 22.747663551401867
4227.0 21.819277108433734 21.819277108433734
4228.0 22.333333333333332 22.333333333333332
4229.0 21.650943396226417 21.650943396226417
4230.0 21.544642857142858 21.544642857142858
4231.0 22.05263157894737 22.05263157894737
4232.0 21.35 21.35
4233.0 21.747663551401867 21.747663551401867
4234.0 20.819277108433734 20.819277108433734
4235.0 21.333333333333332 21.333333333333332
4236.0 20.650943396226417 20.650943396226417
4237.0 20.544642857142858 20.544642857142858
4238.0 21.05263157894737 21.05263157894737
4239.0 20.35 20.35
4240.0 20.747663551401867 20.747663551401867
4241.0 19.819277108433734 19.819277108433734
4242.0 20.333333333333332 20.333333333333332
4243.0 19.650943396226417 19.650943396226417
4244.0 19.544642857142858 19.544642857142858
4245.0 20.05263157894737 20.05263157894737
4246.0 19.35 19.35
4247.0 19.747663551401867 19.747663551401867
4248.0 18.819277108433734 18.819277108433734
4249.0 19.333333333333332 19.333333333333332
4250.0 18.650943396226417 18.650943396226417
4251.0 18.544642857142858 18.544642857142858
4252.0 19.05263157894737 19.05263157894737
4253.0 18.35 18.35
4254.0 18.747663551401867 18.747663551401867
4255.0 17.819277108433734 17.819277108433734
4256.0 18.333333333333332 18.333333333333332
4257.0 17.650943396226417 17.650943396226417
4258.0 17.544642857142858 17.544642857142858
4259.0 18.05263157894737 18.05263157894737
4260.0 17.35 17.35
4261.0 17.747663551401867 17.747663551401867
4262.0 16.819277108433734 16.819277108433734
4263.0 17.333333333333332 17.333333333333332
4264.0 16.650943396226417 16.650943396226417
4265.0 16.544642857142858 16.544642857142858
4266.0 17.05263157894737 17.05263157894737
4267.0 16.35 16.35
4268.0 16.747663551401867 16.747663551401867
4269.0 15.819277108433734 15.819277108433734
4270.0 16.333333333333332 16.333333333333332
4271.0 15.650943396226415 15.650943396226415
4272.0 15.544642857142858 15.544642857142858
4273.0 16.05263157894737 16.05263157894737
4275.0 15.74766355140187 15.74766355140187
4276.0 14.819277108433734 14.819277108433734
4340.0 14.666666666666666 14.666666666666666
4341.0 15.556603773584905 15.556603773584905
4342.0 14.919642857142858 14.919642857142858
4469.0 38.05263157894737 38.05263157894737
4470.0 37.35 37.35
4471.0 37.74766355140187 37.74766355140187
4472.0 36.81927710843374 36.81927710843374
4473.0 37.333333333333336 37.333333333333336
4474.0 36.65094339622642 36.65094339622642
4475.0 36.544642857142854 36.544642857142854
4476.0 37.05263157894737 37.05263157894737
4477.0 36.35 36.35
4478.0 36.74766355140187 36.74766355140187
4479.0 35.81927710843374 35.81927710843374
4480.0 36.333333333333336 36.333333333333336
4481.0 35.65094339622642 35.65094339622642
4482.0 35.544642857142854 35.544642857142854
4483.0 36.05263157894737 36.05263157894737
4484.0 35.35 35.35
4485.0 35.74766355140187 35.74766355140187
4486.0 34.81927710843374 34.81927710843374
4487.0 35.333333333333336 35.333333333333336
4488.0 34.65094339622642 34.65094339622642
4489.0 34.544642857142854 34.544642857142854
4490.0 35.05263157894737 35.05263157894737
4491.0 34.35 34.35
4492.0 34.74766355140187 34.74766355140187
4493.0 33.81927710843374 33.81927710843374
4494.0 34.333333333333336 34.333333333333336
4495.0 33.65094339622642 33.65094339622642
4496.0 33.544642857142854 33.544642857142854
4497.0 34.05263157894737 34.05263157894737
4498.0 33.35 33.35
4499.0 33.74766355140187 33.74766355140187
4500.0 32.81927710843374 32.81927710843374
4501.0 33.333333333333336 33.333333333333336
4502.0 32.65094339622642 32.65094339622642
4503.0 32.544642857142854 32.544642857142854
4504.0 33.05263157894737 33.05263157894737
4505.0 32.35 32.35
4506.0 32.74766355140187 32.74766355140187
4507.0 31.819277108433734 31.819277108433734
4508.0 32.333333333333336 32.333333333333336
4509.0 31.650943396226417 31.650943396226417
4510.0 31.544642857142858 31.544642857142858
4511.0 32.05263157894737 32.05263157894737
4512.0 31.35 31.35
4513.0 31.747663551401867 31.747663551401867
4514.0 30.819277108433734 30.819277108433734
4515.0 31.333333333333332 31.333333333333332
4516.0 30.650943396226417 30.650943396226417
4517.0 30.544642857142858 30.544642857142858
4518.0 31.05263157894737 31.05263157894737
4519.0 30.35 30.35
4520.0 30.747663551401867 30.747663551401867
4521.0 29.819277108433734 29.819277108433734
4522.0 30.333333333333332 30.333333333333332
4523.0 29.650943396226417 29.650943396226417
4524.0 29.544642857142858 29.544642857142858
4525.0 30.05263157894737 30.05263157894737
4526.0 29.35 29.35
4527.0 29.747663551401867 29.747663551401867
4528.0 28.819277108433734 28.819277108433734
4529.0 29.333333333333332 29.333333333333332
4530.0 28.650943396226417 28.650943396226417
4531.0 28.544642857142858 28.544642857142858
4532.0 29.05263157894737 29.05263157894737
4533.0 28.35 28.35
4534.0 28.747663551401867 28.747663551401867
4535.0 27.819277108433734 27.819277108433734
4536.0 28.333333333333332 28.333333333333332
4537.0 27.650943396226417 27.650943396226417
4538.0 27.544642857142858 27.544642857142858
4539.0 28.05263157894737 28.05263157894737
4540.0 27.35 27.35
4541.0 27.747663551401867 27.747663551401867
4542.0 26.819277108433734 26.819277108433734
4543.0 27.333333333333332 27.333333333333332
4544.0 26.650943396226417 26.650943396226417
4545.0 26.544642857142858 26.544642857142858
4546.0 27.05263157894737 27.05263157894737
4547.0 26.35 26.35
4548.0 26.747663551401867 26.747663551401867
4549.0 25.819277108433734 25.819277108433734
4550.0 26.333333333333332 26.333333333333332
4551.0 25.650943396226417 25.650943396226417
4552.0 25.544642857142858 25.544642857142858
4553.0 26.05263157894737 26.05263157894737
4554.0 25.35 25.35
4555.0 25.747663551401867 25.747663551401867
4556.0 24.819277108433734 24.819277108433734
4557.0 25.333333333333332 25.333333333333332
4558.0 24.650943396226417 24.650943396226417
4559.0 24.544642857142858 24.544642857142858
4560.0 25.05263157894737 25.05263157894737
4561.0 24.35 24.35
4562.0 24.747663551401867 24.747663551401867
4563.0 23.819277108433734 23.819277108433734
4564.0 24.333333333333332 24.333333333333332
4565.0 23.650943396226417 23.650943396226417
4566.0 23.544642857142858 23.544642857142858
4567.0 24.05263157894737 24.05263157894737
4568.0 23.35 23.35
4569.0 23.747663551401867 23.747663551401867
4570.0 22.819277108433734 22.819277108433734
4571.0 23.333333333333332 23.333333333333332
4572.0 22.650943396226417 22.650943396226417
4573.0 22.544642857142858 22.544642857142858
4574.0 23.05263157894737 23.05263157894737
4575.0 22.35 22.35
4576.0 22.747663551401867 22.747663551401867
4577.0 21.819277108433734 21.819277108433734
4578.0 22.333333333333332 22.333333333333332
4579.0 21.650943396226417 21.650943396226417
4580.0 21.544642857142858 21.544642857142858
4581.0 22.05263157894737 22.05263157894737
4582.0 21.35 21.35
4583.0 21.747663551401867 21.747663551401867
4584.0 20.819277108433734 20.819277108433734
4585.0 21.333333333333332 21.333333333333332
4586.0 20.650943396226417 20.650943396226417
4587.0 20.544642857142858 20.544642857142858
4588.0 21.05263157894737 21.05263157894737
4589.0 20.35 20.35
4590.0 20.747663551401867 20.747663551401867
4591.0 19.819277108433734 19.819277108433734
4592.0 20.333333333333332 20.333333333333332
4593.0 19.650943396226417 19.650943396226417
4594.0 19.544642857142858 19.544642857142858
4595.0 20.05263157894737 20.05263157894737
4596.0 19.35 19.35
4597.0 19.747663551401867 19.747663551401867
4598.0 18.819277108433734 18.819277108433734
4599.0 19.333333333333332 19.333333333333332
4600.0 18.650943396226417 18.650943396226417
4601.0 18.544642857142858 18.544642857142858
4602.0 19.05263157894737 19.05263157894737
4603.0 18.35 18.35
4604.0 18.747663551401867 18.747663551401867
4605.0 17.819277108433734 17.819277108433734
4606.0 18.333333333333332 18.333333333333332
4607.0 17.650943396226417 17.650943396226417
4608.0 17.544642857142858 17.544642857142858
4609.0 18.05263157894737 18.05263157894737
4610.0 17.35 17.35
4611.0 17.747663551401867 17.747663551401867
4612.0 16.819277108433734 16.819277108433734
4613.0 17.333333333333332 17.333333333333332
4614.0 16.650943396226417 16.650943396226417
4615.0 16.544642857142858 16.544642857142858
4616.0 17.05263157894737 17.05263157894737
4617.0 16.35 16.35
4618.0 16.747663551401867 16.747663551401867
4619.0 15.819277108433734 15.819277108433734
4620.0 16.333333333333332 16.333333333333332
4621.0 15.650943396226415 15.650943396226415
4622.0 15.544642857142858 15.544642857142858
4623.0 16.05263157894737 16.05263157894737
4625.0 15.74766355140187 15.74766355140187
4626.0 14.819277108433734 14.819277108433734
4690.0 14.666666666666666 14.666666666666666
4691.0 15.556603773584905 15.556603773584905
4692.0 14.919642857142858 14.919642857142858
4819.0 38.05263157894737 38.05263157894737
4820.0 37.35 37.35
4821.0 37.74766355140187 37.74766355140187
4822.0 36.81927710843374 36.81927710843374
4823.0 37.333333333333336 37.333333333333336
4824.0 36.65094339622642 36.65094339622642
4825.0 36.544642857142854 36.544642857142854
4826.0 37.05263157894737 37.05263157894737
4827.0 36.35 36.35
4828.0 36.74766355140187 36.74766355140187
4829.0 35.81927710843374 35.81927710843374
4830.0 36.333333333333336 36.333333333333336
4831.0 35.65094339622642 35.65094339622642
4832.0 35.544642857142854 35.544642857142854
4833.0 36.05263157894737 36.05263157894737
4834.0 35.35 35.35
4835.0 35.74766355140187 35.74766355140187
4836.0 34.81927710843374 34.81927710843374
4837.0 35.333333333333336 35.333333333333336
4838.0 34.65094339622642 34.65094339622642
4839.0 34.544642857142854 34.544642857142854
4840.0 35.05263157894737 35.05263157894737
4841.0 34.35 34.35
4842.0 34.74766355140187 34.74766355140187
4843.0 33.81927710843374 33.81927710843374
4844.0 34.333333333333336 34.333333333333336
4845.0 33.65094339622642 33.65094339622642
4846.0 33.544642857142854 33.544642857142854
4847.0 34.05263157894737 34.05263157894737
4848.0 33.35 33.35
4849.0 33.74766355140187 33.74766355140187
4850.0 32.81927710843374 32.81927710843374
4851.0 33.333333333333336 33.333333333333336
4852.0 32.65094339622642 32.65094339622642
4853.0 32.544642857142854 32.544642857142854
4854.0 33.05263157894737 33.05263157894737
4855.0 32.35 32.35
4856.0 32.74766355140187 32.74766355140187
4857.0 31.819277108433734 31.819277108433734
4858.0 32.333333333333336 32.333333333333336
4859.0 31.650943396226417 31.650943396226417
4860.0 31.544642857142858 31.544642857142858
4861.0 32.05263157894737 32.05263157894737
4862.0 31.35 31.35
4863.0 31.747663551401867 31.747663551401867
4864.0 30.819277108433734 30.819277108433734
4865.0 31.333333333333332 31.333333333333332
4866.0 30.650943396226417 30.650943396226417
4867.0 30.544642857142858 30.544642857142858
4868.0 31.05263157894737 31.05263157894737
4869.0 30.35 30.35
4870.0 30.747663551401867 30.747663551401867
4871.0 29.819277108433734 29.819277108433734
4872.0 30.333333333333332 30.333333333333332
4873.0 29.650943396226417 29.650943396226417
4874.0 29.544642857142858 29.544642857142858
4875.0 30.05263157894737 30.05263157894737
4876.0 29.35 29.35
4877.0 29.747663551401867 29.747663551401867
4878.0 28.819277108433734 28.819277108433734
4879.0 29.333333333333332 29.333333333333332
4880.0 28.650943396226417 28.650943396226417
4881.0 28.544642857142858 28.544642857142858
4882.0 29.05263157894737 29.05263157894737
4883.0 28.35 28.35
4884.0 28.747663551401867 28.747663551401867
4885.0 27.819277108433734 27.819277108433734
4886.0 28.333333333333332 28.333333333333332
4887.0 27.650943396226417 27.650943396226417
4888.0 27.544642857142858 27.544642857142858
4889.0 28.05263157894737 28.05263157894737
4890.0 27.35 27.35
4891.0 27.747663551401867 27.747663551401867
4892.0 26.819277108433734 26.819277108433734
4893.0 27.333333333333332 27.333333333333332
4894.0 26.650943396226417 26.650943396226417
4895.0 26.544642857142858 26.544642857142858
4896.0 27.05263157894737 27.05263157894737
4897.0 26.35 26.35
4898.0 26.747663551401867 26.747663551401867
4899.0 25.819277108433734 25.819277108433734
4900.0 26.333333333333332 26.333333333333332
4901.0 25.650943396226417 25.650943396226417
4902.0 25.544642857142858 25.544642857142858
4903.0 26.05263157894737 26.05263157894737
4904.0 25.35 25.35
4905.0 25.747663551401867 25.747663551401867
4906.0 24.819277108433734 24.819277108433734
4907.0 25.333333333333332 25.333333333333332
4908.0 24.650943396226417 24.650943396226417
4909.0 24.544642857142858 24.544642857142858
4910.0 25.05263157894737 25.05263157894737
4911.0 24.35 24.35
4912.0 24.747663551401867 24.747663551401867
4913.0 23.819277108433734 23.819277108433734
4914.0 24.333333333333332 24.333333333333332
4915.0 23.650943396226417 23.650943396226417
4916.0 23.544642857142858 23.544642857142858
4917.0 24.05263157894737 24.05263157894737
4918.0 23.35 23.35
4919.0 23.747663551401867 23.747663551401867
4920.0 22.819277108433734 22.819277108433734
4921.0 23.333333333333332 23.333333333333332
4922.0 22.650943396226417 22.650943396226417
4923.0 22.544642857142858 22.544642857142858
4924.0 23.05263157894737 23.05263157894737
4925.0 22.35 22.35
4926.0 22.747663551401867 22.747663551401867
4927.0 21.819277108433734 21.819277108433734
4928.0 22.333333333333332 22.333333333333332
4929.0 21.650943396226417 21.650943396226417
4930.0 21.544642857142858 21.544642857142858
4931.0 22.05263157894737 22.05263157894737
4932.0 21.35 21.35
4933.0 21.747663551401867 21.747663551401867
4934.0 20.819277108433734 20.819277108433734
4935.0 21.333333333333332 21.333333333333332
4936.0 20.650943396226417 20.650943396226417
4937.0 20.544642857142858 20.544642857142858
4938.0 21.05263157894737 21.05263157894737
4939.0 20.35 20.35
4940.0 20.747663551401867 20.747663551401867
4941.0 19.819277108433734 19.819277108433734
4942.0 20.333333333333332 20.333333333333332
4943.0 19.650943396226417 19.650943396226417
4944.0 19.544642857142858 19.544642857142858
4945.0 20.05263157894737 20.05263157894737
4946.0 19.35 19.35
4947.0 19.747663551401867 19.747663551401867
4948.0 18.819277108433734 18.819277108433734
4949.0 19.333333333333332 19.333333333333332
4950.0 18.650943396226417 18.650943396226417
4951.0 18.544642857142858 18.544642857142858
4952.0 19.05263157894737 19.05263157894737
4953.0 18.35 18.35
4954.0 18.747663551401867 18.747663551401867
4955.0 17.819277108433734 17.819277108433734
4956.0 18.333333333333332 18.333333333333332
4957.0 17.650943396226417 17.650943396226417
4958.0 17.544642857142858 17.544642857142858
4959.0 18.05263157894737 18.05263157894737
4960.0 17.35 17.35
4961.0 17.747663551401867 17.747663551401867
4962.0 16.819277108433734 16.819277108433734
4963.0 17.333333333333332 17.333333333333332
4964.0 16.650943396226417 16.650943396226417
4965.0 16.544642857142858 16.544642857142858
4966.0 17.05263157894737 17.05263157894737
4967.0 16.35 16.35
4968.0 16.747663551401867 16.747663551401867
4969.0 15.819277108433734 15.819277108433734
4970.0 16.333333333333332 16.333333333333332
4971.0 15.650943396226415 15.650943396226415
4972.0 15.544642857142858 15.544642857142858
4973.0 16.05263157894737 16.05263157894737
4975.0 15.74766355140187 15.74766355140187
4976.0 14.819277108433734 14.819277108433734
