Time X Y
0.0 25.2 24.8
1.0 25.4 25.2
2.0 25.8 25.2
3.0 26.2 25.4
4.0 26.2 25.8
5.0 26.4 26.2
6.0 26.8 26.2
7.0 27.2 26.4
8.0 27.2 26.8
9.0 27.4 27.2
10.0 27.8 27.2
11.0 28.2 27.4
12.0 28.2 27.8
13.0 28.4 28.2
14.0 28.8 28.2
15.0 29.2 28.4
16.0 29.2 28.8
17.0 29.4 29.2
18.0 29.8 29.2
19.0 30.2 29.4
20.0 30.2 29.8
21.0 30.4 30.2
22.0 30.8 30.2
23.0 31.2 30.4
24.0 31.2 30.8
25.0 31.4 31.2
26.0 31.8 31.2
27.0 32.2 31.4
28.0 32.2 31.8
29.0 32.4 32.2
30.0 32.8 32.2
31.0 33.2 32.4
32.0 33.2 32.8
33.0 33.4 33.2
34.0 33.8 33.2
35.0 34.2 33.4
36.0 34.2 33.8
37.0 34.4 34.2
38.0 34.8 34.2
39.0 35.2 34.4
40.0 35.2 34.8
41.0 35.4 35.2
42.0 35.8 35.2
43.0 36.2 35.4
44.0 36.2 35.8
45.0 36.4 36.2
46.0 36.8 36.2
47.0 37.2 36.4
48.0 37.2 36.8
49.0 37.4 37.2
50.0 37.8 37.2
51.0 38.2 37.4
52.0 38.2 37.8
53.0 38.4 38.2
54.0 38.8 38.2
55.0 39.2 38.4
56.0 39.2 38.8
57.0 39.4 39.2
58.0 39.8 39.2
59.0 40.2 39.4
60.0 40.2 39.8
61.0 40.4 40.2
62.0 40.8 40.2
63.0 41.2 40.4
64.0 41.2 40.8
65.0 41.4 41.2
66.0 41.8 41.2
67.0 42.2 41.4
68.0 42.2 41.8
69.0 42.4 42.2
70.0 42.8 42.2
71.0 43.2 42.4
72.0 43.2 42.8
73.0 43.4 43.2
74.0 43.8 43.2
75.0 44.2 43.4
76.0 44.2 43.8
77.0 44.4 44.2
78.0 44.8 44.2
79.0 45.2 44.4
80.0 45.2 44.8
81.0 45.4 45.2
82.0 45.8 45.2
83.0 46.2 45.4
84.0 46.2 45.8
85.0 46.4 46.2
86.0 46.8 46.2
87.0 47.2 46.4
88.0 47.2 46.8
89.0 47.4 47.2
108.0 2.2 1.8
109.0 2.4 2.2
110.0 2.8 2.2
111.0 3.2 2.4
112.0 3.2 2.8
113.0 3.4 3.2
114.0 3.8 3.2
115.0 4.2 3.4
116.0 4.2 3.8
117.0 4.4 4.2
118.0 4.8 4.2
119.0 5.2 4.4
120.0 5.2 4.8
121.0 5.4 5.2
122.0 5.8 5.2
123.0 6.2 5.4
124.0 6.2 5.8
125.0 6.4 6.2
126.0 6.8 6.2
127.0 7.2 6.4
128.0 7.2 6.8
129.0 7.4 7.2
130.0 7.8 7.2
131.0 8.2 7.4
132.0 8.2 7.8
133.0 8.4 8.2
134.0 8.8 8.2
135.0 9.2 8.4
136.0 9.2 8.8
137.0 9.4 9.2
138.0 9.8 9.2
139.0 10.2 9.4
140.0 10.2 9.8
141.0 10.4 10.2
142.0 10.8 10.2
143.0 11.2 10.4
144.0 11.2 10.8
145.0 11.4 11.2
146.0 11.8 11.2
147.0 12.2 11.4
148.0 12.2 11.8
149.0 12.4 12.2
150.0 12.8 12.2
151.0 13.2 12.4
152.0 13.2 12.8
153.0 13.4 13.2
154.0 13.8 13.2
155.0 14.2 13.4
156.0 14.2 13.8
157.0 14.4 14.2
158.0 14.8 14.2
159.0 15.2 14.4
160.0 15.2 14.8
161.0 15.4 15.2
162.0 15.8 15.2
163.0 16.2 15.4
164.0 16.2 15.8
165.0 16.4 16.2
166.0 16.8 16.2
167.0 17.2 16.4
168.0 17.2 16.8
169.0 17.4 17.2
170.0 17.8 17.2
171.0 18.2 17.4
172.0 18.2 17.8
173.0 18.4 18.2
174.0 18.8 18.2
175.0 19.2 18.4
176.0 19.2 18.8
177.0 19.4 19.2
178.0 19.8 19.2
179.0 20.2 19.4
180.0 20.2 19.8
181.0 20.4 20.2
182.0 20.8 20.2
183.0 21.2 20.4
184.0 21.2 20.8
185.0 21.4 21.2
186.0 21.8 21.2
187.0 22.2 21.4
188.0 22.2 21.8
189.0 22.4 22.2
190.0 22.8 22.2
191.0 23.2 22.4
192.0 23.2 22.8
193.0 23.4 23.2
194.0 23.8 23.2
195.0 24.2 23.4
196.0 24.2 23.8
197.0 24.4 24.2
198.0 24.8 24.2
199.0 25.2 24.4
200.0 25.2 24.8
201.0 25.4 25.2
202.0 25.8 25.2
203.0 26.2 25.4
204.0 26.2 25.8
205.0 26.4 26.2
206.0 26.8 26.2
207.0 27.2 26.4
208.0 27.2 26.8
209.0 27.4 27.2
210.0 27.8 27.2
211.0 28.2 27.4
212.0 28.2 27.8
213.0 28.4 28.2
214.0 28.8 28.2
215.0 29.2 28.4
216.0 29.2 28.8
217.0 29.4 29.2
218.0 29.8 29.2
219.0 30.2 29.4
220.0 30.2 29.8
221.0 30.4 30.2
222.0 30.8 30.2
223.0 31.2 30.4
224.0 31.2 30.8
225.0 31.4 31.2
226.0 31.8 31.2
227.0 32.2 31.4
228.0 32.2 31.8
229.0 32.4 32.2
230.0 32.8 32.2
231.0 33.2 32.4
232.0 33.2 32.8
233.0 33.4 33.2
234.0 33.8 33.2
235.0 34.2 33.4
236.0 34.2 33.8
237.0 34.4 34.2
238.0 34.8 34.2
239.0 35.2 34.4
240.0 35.2 34.8
241.0 35.4 35.2
242.0 35.8 35.2
243.0 36.2 35.4
244.0 36.2 35.8
245.0 36.4 36.2
246.0 36.8 36.2
247.0 37.2 36.4
248.0 37.2 36.8
249.0 37.4 37.2
250.0 37.8 37.2
251.0 38.2 37.4
252.0 38.2 37.8
253.0 38.4 38.2
254.0 38.8 38.2
255.0 39.2 38.4
256.0 39.2 38.8
257.0 39.4 39.2
258.0 39.8 39.2
259.0 40.2 39.4
260.0 40.2 39.8
261.0 40.4 40.2
262.0 40.8 40.2
263.0 41.2 40.4
264.0 41.2 40.8
265.0 41.4 41.2
266.0 41.8 41.2
267.0 42.2 41.4
268.0 42.2 41.8
269.0 42.4 42.2
270.0 42.8 42.2
271.0 43.2 42.4
272.0 43.2 42.8
273.0 43.4 43.2
274.0 43.8 43.2
275.0 44.2 43.4
276.0 44.2 43.8
277.0 44.4 44.2
278.0 44.8 44.2
279.0 45.2 44.4
280.0 45.2 44.8
281.0 45.4 45.2
282.0 45.8 45.2
283.0 46.2 45.4
284.0 46.2 45.8
285.0 46.4 46.2
286.0 46.8 46.2
287.0 47.2 46.4
288.0 47.2 46.8
289.0 47.4 47.2
308.0 2.2 1.8
309.0 2.4 2.2
310.0 2.8 2.2
311.0 3.2 2.4
312.0 3.2 2.8
313.0 3.4 3.2
314.0 3.8 3.2
315.0 4.2 3.4
316.0 4.2 3.8
317.0 4.4 4.2
318.0 4.8 4.2
319.0 5.2 4.4
320.0 5.2 4.8
321.0 5.4 5.2
322.0 5.8 5.2
323.0 6.2 5.4
324.0 6.2 5.8
325.0 6.4 6.2
326.0 6.8 6.2
327.0 7.2 6.4
328.0 7.2 6.8
329.0 7.4 7.2
330.0 7.8 7.2
331.0 8.2 7.4
332.0 8.2 7.8
333.0 8.4 8.2
334.0 8.8 8.2
335.0 9.2 8.4
336.0 9.2 8.8
337.0 9.4 9.2
338.0 9.8 9.2
339.0 10.2 9.4
340.0 10.2 9.8
341.0 10.4 10.2
342.0 10.8 10.2
343.0 11.2 10.4
344.0 11.2 10.8
345.0 11.4 11.2
346.0 11.8 11.2
347.0 12.2 11.4
348.0 12.2 11.8
349.0 12.4 12.2
350.0 12.8 12.2
351.0 13.2 12.4
352.0 13.2 12.8
353.0 13.4 13.2
354.0 13.8 13.2
355.0 14.2 13.4
356.0 14.2 13.8
357.0 14.4 14.2
358.0 14.8 14.2
359.0 15.2 14.4
360.0 15.2 14.8
361.0 15.4 15.2
362.0 15.8 15.2
363.0 16.2 15.4
364.0 16.2 15.8
365.0 16.4 16.2
366.0 16.8 16.2
367.0 17.2 16.4
368.0 17.2 16.8
369.0 17.4 17.2
370.0 17.8 17.2
371.0 18.2 17.4
372.0 18.2 17.8
373.0 18.4 18.2
374.0 18.8 18.2
375.0 19.2 18.4
376.0 19.2 18.8
377.0 19.4 19.2
378.0 19.8 19.2
379.0 20.2 19.4
380.0 20.2 19.8
381.0 20.4 20.2
382.0 20.8 20.2
383.0 21.2 20.4
384.0 21.2 20.8
385.0 21.4 21.2
386.0 21.8 21.2
387.0 22.2 21.4
388.0 22.2 21.8
389.0 22.4 22.2
390.0 22.8 22.2
391.0 23.2 22.4
392.0 23.2 22.8
393.0 23.4 23.2
394.0 23.8 23.2
395.0 24.2 23.4
396.0 24.2 23.8
397.0 24.4 24.2
398.0 24.8 24.2
399.0 25.2 24.4
400.0 25.2 24.8
401.0 25.4 25.2
402.0 25.8 25.2
403.0 26.2 25.4
404.0 26.2 25.8
405.0 26.4 26.2
406.0 26.8 26.2
407.0 27.2 26.4
408.0 27.2 26.8
409.0 27.4 27.2
410.0 27.8 27.2
411.0 28.2 27.4
412.0 28.2 27.8
413.0 28.4 28.2
414.0 28.8 28.2
415.0 29.2 28.4
416.0 29.2 28.8
417.0 29.4 29.2
418.0 29.8 29.2
419.0 30.2 29.4
420.0 30.2 29.8
421.0 30.4 30.2
422.0 30.8 30.2
423.0 31.2 30.4
424.0 31.2 30.8
425.0 31.4 31.2
426.0 31.8 31.2
427.0 32.2 31.4
428.0 32.2 31.8
429.0 32.4 32.2
430.0 32.8 32.2
431.0 33.2 32.4
432.0 33.2 32.8
433.0 33.4 33.2
434.0 33.8 33.2
435.0 34.2 33.4
436.0 34.2 33.8
437.0 34.4 34.2
438.0 34.8 34.2
439.0 35.2 34.4
440.0 35.2 34.8
441.0 35.4 35.2
442.0 35.8 35.2
443.0 36.2 35.4
444.0 36.2 35.8
445.0 36.4 36.2
446.0 36.8 36.2
447.0 37.2 36.4
448.0 37.2 36.8
449.0 37.4 37.2
450.0 37.8 37.2
451.0 38.2 37.4
452.0 38.2 37.8
453.0 38.4 38.2
454.0 38.8 38.2
455.0 39.2 38.4
456.0 39.2 38.8
457.0 39.4 39.2
458.0 39.8 39.2
459.0 40.2 39.4
460.0 40.2 39.8
461.0 40.4 40.2
462.0 40.8 40.2
463.0 41.2 40.4
464.0 41.2 40.8
465.0 41.4 41.2
466.0 41.8 41.2
467.0 42.2 41.4
468.0 42.2 41.8
469.0 42.4 42.2
470.0 42.8 42.2
471.0 43.2 42.4
472.0 43.2 42.8
473.0 43.4 43.2
474.0 43.8 43.2
475.0 44.2 43.4
476.0 44.2 43.8
477.0 44.4 44.2
478.0 44.8 44.2
479.0 45.2 44.4
480.0 45.2 44.8
481.0 45.4 45.2
482.0 45.8 45.2
483.0 46.2 45.4
484.0 46.2 45.8
485.0 46.4 46.2
486.0 46.8 46.2
487.0 47.2 46.4
488.0 47.2 46.8
489.0 47.4 47.2
508.0 2.2 1.8
509.0 2.4 2.2
510.0 2.8 2.2
511.0 3.2 2.4
512.0 3.2 2.8
513.0 3.4 3.2
514.0 3.8 3.2
515.0 4.2 3.4
516.0 4.2 3.8
517.0 4.4 4.2
518.0 4.8 4.2
519.0 5.2 4.4
520.0 5.2 4.8
521.0 5.4 5.2
522.0 5.8 5.2
523.0 6.2 5.4
524.0 6.2 5.8
525.0 6.4 6.2
526.0 6.8 6.2
527.0 7.2 6.4
528.0 7.2 6.8
529.0 7.4 7.2
530.0 7.8 7.2
531.0 8.2 7.4
532.0 8.2 7.8
533.0 8.4 8.2
534.0 8.8 8.2
535.0 9.2 8.4
536.0 9.2 8.8
537.0 9.4 9.2
538.0 9.8 9.2
539.0 10.2 9.4
540.0 10.2 9.8
541.0 10.4 10.2
542.0 10.8 10.2
543.0 11.2 10.4
544.0 11.2 10.8
545.0 11.4 11.2
546.0 11.8 11.2
547.0 12.2 11.4
548.0 12.2 11.8
549.0 12.4 12.2
550.0 12.8 12.2
551.0 13.2 12.4
552.0 13.2 12.8
553.0 13.4 13.2
554.0 13.8 13.2
555.0 14.2 13.4
556.0 14.2 13.8
557.0 14.4 14.2
558.0 14.8 14.2
559.0 15.2 14.4
560.0 15.2 14.8
561.0 15.4 15.2
562.0 15.8 15.2
563.0 16.2 15.4
564.0 16.2 15.8
565.0 16.4 16.2
566.0 16.8 16.2
567.0 17.2 16.4
568.0 17.2 16.8
569.0 17.4 17.2
570.0 17.8 17.2
571.0 18.2 17.4
572.0 18.2 17.8
573.0 18.4 18.2
574.0 18.8 18.2
575.0 19.2 18.4
576.0 19.2 18.8
577.0 19.4 19.2
578.0 19.8 19.2
579.0 20.2 19.4
580.0 20.2 19.8
581.0 20.4 20.2
582.0 20.8 20.2
583.0 21.2 20.4
584.0 21.2 20.8
585.0 21.4 21.2
586.0 21.8 21.2
587.0 22.2 21.4
588.0 22.2 21.8
589.0 22.4 22.2
590.0 22.8 22.2
591.0 23.2 22.4
592.0 23.2 22.8
593.0 23.4 23.2
594.0 23.8 23.2
595.0 24.2 23.4
596.0 24.2 23.8
597.0 24.4 24.2
598.0 24.8 24.2
599.0 25.2 24.4
600.0 25.2 24.8
601.0 25.4 25.2
602.0 25.8 25.2
603.0 26.2 25.4
604.0 26.2 25.8
605.0 26.4 26.2
606.0 26.8 26.2
607.0 27.2 26.4
608.0 27.2 26.8
609.0 27.4 27.2
610.0 27.8 27.2
611.0 28.2 27.4
612.0 28.2 27.8
613.0 28.4 28.2
614.0 28.8 28.2
615.0 29.2 28.4
616.0 29.2 28.8
617.0 29.4 29.2
618.0 29.8 29.2
619.0 30.2 29.4
620.0 30.2 29.8
621.0 30.4 30.2
622.0 30.8 30.2
623.0 31.2 30.4
624.0 31.2 30.8
625.0 31.4 31.2
626.0 31.8 31.2
627.0 32.2 31.4
628.0 32.2 31.8
629.0 32.4 32.2
630.0 32.8 32.2
631.0 33.2 32.4
632.0 33.2 32.8
633.0 33.4 33.2
634.0 33.8 33.2
635.0 34.2 33.4
636.0 34.2 33.8
637.0 34.4 34.2
638.0 34.8 34.2
639.0 35.2 34.4
640.0 35.2 34.8
641.0 35.4 35.2
642.0 35.8 35.2
643.0 36.2 35.4
644.0 36.2 35.8
645.0 36.4 36.2
646.0 36.8 36.2
647.0 37.2 36.4
648.0 37.2 36.8
649.0 37.4 37.2
650.0 37.8 37.2
651.0 38.2 37.4
652.0 38.2 37.8
653.0 38.4 38.2
654.0 38.8 38.2
655.0 39.2 38.4
656.0 39.2 38.8
657.0 39.4 39.2
658.0 39.8 39.2
659.0 40.2 39.4
660.0 40.2 39.8
661.0 40.4 40.2
662.0 40.8 40.2
663.0 41.2 40.4
664.0 41.2 40.8
665.0 41.4 41.2
666.0 41.8 41.2
667.0 42.2 41.4
668.0 42.2 41.8
669.0 42.4 42.2
670.0 42.8 42.2
671.0 43.2 42.4
672.0 43.2 42.8
673.0 43.4 43.2
674.0 43.8 43.2
675.0 44.2 43.4
676.0 44.2 43.8
677.0 44.4 44.2
678.0 44.8 44.2
679.0 45.2 44.4
680.0 45.2 44.8
681.0 45.4 45.2
682.0 45.8 45.2
683.0 46.2 45.4
684.0 46.2 45.8
685.0 46.4 46.2
686.0 46.8 46.2
687.0 47.2 46.4
688.0 47.2 46.8
689.0 47.4 47.2
708.0 2.2 1.8
709.0 2.4 2.2
710.0 2.8 2.2
711.0 3.2 2.4
712.0 3.2 2.8
713.0 3.4 3.2
714.0 3.8 3.2
715.0 4.2 3.4
716.0 4.2 3.8
717.0 4.4 4.2
718.0 4.8 4.2
719.0 5.2 4.4
720.0 5.2 4.8
721.0 5.4 5.2
722.0 5.8 5.2
723.0 6.2 5.4
724.0 6.2 5.8
725.0 6.4 6.2
726.0 6.8 6.2
727.0 7.2 6.4
728.0 7.2 6.8
729.0 7.4 7.2
730.0 7.8 7.2
731.0 8.2 7.4
732.0 8.2 7.8
733.0 8.4 8.2
734.0 8.8 8.2
735.0 9.2 8.4
736.0 9.2 8.8
737.0 9.4 9.2
738.0 9.8 9.2
739.0 10.2 9.4
740.0 10.2 9.8
741.0 10.4 10.2
742.0 10.8 10.2
743.0 11.2 10.4
744.0 11.2 10.8
745.0 11.4 11.2
746.0 11.8 11.2
747.0 12.2 11.4
748.0 12.2 11.8
749.0 12.4 12.2
750.0 12.8 12.2
751.0 13.2 12.4
752.0 13.2 12.8
753.0 13.4 13.2
754.0 13.8 13.2
755.0 14.2 13.4
756.0 14.2 13.8
757.0 14.4 14.2
758.0 14.8 14.2
759.0 15.2 14.4
760.0 15.2 14.8
761.0 15.4 15.2
762.0 15.8 15.2
763.0 16.2 15.4
764.0 16.2 15.8
765.0 16.4 16.2
766.0 16.8 16.2
767.0 17.2 16.4
768.0 17.2 16.8
769.0 17.4 17.2
770.0 17.8 17.2
771.0 18.2 17.4
772.0 18.2 17.8
773.0 18.4 18.2
774.0 18.8 18.2
775.0 19.2 18.4
776.0 19.2 18.8
777.0 19.4 19.2
778.0 19.8 19.2
779.0 20.2 19.4
780.0 20.2 19.8
781.0 20.4 20.2
782.0 20.8 20.2
783.0 21.2 20.4
784.0 21.2 20.8
785.0 21.4 21.2
786.0 21.8 21.2
787.0 22.2 21.4
788.0 22.2 21.8
789.0 22.4 22.2
790.0 22.8 22.2
791.0 23.2 22.4
792.0 23.2 22.8
793.0 23.4 23.2
794.0 23.8 23.2
795.0 24.2 23.4
796.0 24.2 23.8
797.0 24.4 24.2
798.0 24.8 24.2
799.0 25.2 24.4
800.0 25.2 24.8
801.0 25.4 25.2
802.0 25.8 25.2
803.0 26.2 25.4
804.0 26.2 25.8
805.0 26.4 26.2
806.0 26.8 26.2
807.0 27.2 26.4
808.0 27.2 26.8
809.0 27.4 27.2
810.0 27.8 27.2
811.0 28.2 27.4
812.0 28.2 27.8
813.0 28.4 28.2
814.0 28.8 28.2
815.0 29.2 28.4
816.0 29.2 28.8
817.0 29.4 29.2
818.0 29.8 29.2
819.0 30.2 29.4
820.0 30.2 29.8
821.0 30.4 30.2
822.0 30.8 30.2
823.0 31.2 30.4
824.0 31.2 30.8
825.0 31.4 31.2
826.0 31.8 31.2
827.0 32.2 31.4
828.0 32.2 31.8
829.0 32.4 32.2
830.0 32.8 32.2
831.0 33.2 32.4
832.0 33.2 32.8
833.0 33.4 33.2
834.0 33.8 33.2
835.0 34.2 33.4
836.0 34.2 33.8
837.0 34.4 34.2
838.0 34.8 34.2
839.0 35.2 34.4
840.0 35.2 34.8
841.0 35.4 35.2
842.0 35.8 35.2
843.0 36.2 35.4
844.0 36.2 35.8
845.0 36.4 36.2
846.0 36.8 36.2
847.0 37.2 36.4
848.0 37.2 36.8
849.0 37.4 37.2
850.0 37.8 37.2
851.0 38.2 37.4
852.0 38.2 37.8
853.0 38.4 38.2
854.0 38.8 38.2
855.0 39.2 38.4
856.0 39.2 38.8
857.0 39.4 39.2
858.0 39.8 39.2
859.0 40.2 39.4
860.0 40.2 39.8
861.0 40.4 40.2
862.0 40.8 40.2
863.0 41.2 40.4
864.0 41.2 40.8
865.0 41.4 41.2
866.0 41.8 41.2
867.0 42.2 41.4
868.0 42.2 41.8
869.0 42.4 42.2
870.0 42.8 42.2
871.0 43.2 42.4
872.0 43.2 42.8
873.0 43.4 43.2
874.0 43.8 43.2
875.0 44.2 43.4
876.0 44.2 43.8
877.0 44.4 44.2
878.0 44.8 44.2
879.0 45.2 44.4
880.0 45.2 44.8
881.0 45.4 45.2
882.0 45.8 45.2
883.0 46.2 45.4
884.0 46.2 45.8
885.0 46.4 46.2
886.0 46.8 46.2
887.0 47.2 46.4
888.0 47.2 46.8
889.0 47.4 47.2
908.0 2.2 1.8
909.0 2.4 2.2
910.0 2.8 2.2
911.0 3.2 2.4
912.0 3.2 2.8
913.0 3.4 3.2
914.0 3.8 3.2
915.0 4.2 3.4
916.0 4.2 3.8
917.0 4.4 4.2
918.0 4.8 4.2
919.0 5.2 4.4
920.0 5.2 4.8
921.0 5.4 5.2
922.0 5.8 5.2
923.0 6.2 5.4
924.0 6.2 5.8
925.0 6.4 6.2
926.0 6.8 6.2
927.0 7.2 6.4
928.0 7.2 6.8
929.0 7.4 7.2
930.0 7.8 7.2
931.0 8.2 7.4
932.0 8.2 7.8
933.0 8.4 8.2
934.0 8.8 8.2
935.0 9.2 8.4
936.0 9.2 8.8
937.0 9.4 9.2
938.0 9.8 9.2
939.0 10.2 9.4
940.0 10.2 9.8
941.0 10.4 10.2
942.0 10.8 10.2
943.0 11.2 10.4
944.0 11.2 10.8
945.0 11.4 11.2
946.0 11.8 11.2
947.0 12.2 11.4
948.0 12.2 11.8
949.0 12.4 12.2
950.0 12.8 12.2
951.0 13.2 12.4
952.0 13.2 12.8
953.0 13.4 13.2
954.0 13.8 13.2
955.0 14.2 13.4
956.0 14.2 13.8
957.0 14.4 14.2
958.0 14.8 14.2
959.0 15.2 14.4
960.0 15.2 14.8
961.0 15.4 15.2
962.0 15.8 15.2
963.0 16.2 15.4
964.0 16.2 15.8
965.0 16.4 16.2
966.0 16.8 16.2
967.0 17.2 16.4
968.0 17.2 16.8
969.0 17.4 17.2
970.0 17.8 17.2
971.0 18.2 17.4
972.0 18.2 17.8
973.0 18.4 18.2
974.0 18.8 18.2
975.0 19.2 18.4
976.0 19.2 18.8
977.0 19.4 19.2
978.0 19.8 19.2
979.0 20.2 19.4
980.0 20.2 19.8
981.0 20.4 20.2
982.0 20.8 20.2
983.0 21.2 20.4
984.0 21.2 20.8
985.0 21.4 21.2
986.0 21.8 21.2
987.0 22.2 21.4
988.0 22.2 21.8
989.0 22.4 22.2
990.0 22.8 22.2
991.0 23.2 22.4
992.0 23.2 22.8
993.0 23.4 23.2
994.0 23.8 23.2
995.0 24.2 23.4
996.0 24.2 23.8
997.0 24.4 24.2
998.0 24.8 24.2
999.0 25.2 24.4
1000.0 25.2 24.8
1001.0 25.4 25.2
1002.0 25.8 25.2
1003.0 26.2 25.4
1004.0 26.2 25.8
1005.0 26.4 26.2
1006.0 26.8 26.2
1007.0 27.2 26.4
1008.0 27.2 26.8
1009.0 27.4 27.2
1010.0 27.8 27.2
1011.0 28.2 27.4
1012.0 28.2 27.8
1013.0 28.4 28.2
1014.0 28.8 28.2
1015.0 29.2 28.4
1016.0 29.2 28.8
1017.0 29.4 29.2
1018.0 29.8 29.2
1019.0 30.2 29.4
1020.0 30.2 29.8
1021.0 30.4 30.2
1022.0 30.8 30.2
1023.0 31.2 30.4
1024.0 31.2 30.8
1025.0 31.4 31.2
1026.0 31.8 31.2
1027.0 32.2 31.4
1028.0 32.2 31.8
1029.0 32.4 32.2
1030.0 32.8 32.2
1031.0 33.2 32.4
1032.0 33.2 32.8
1033.0 33.4 33.2
1034.0 33.8 33.2
1035.0 34.2 33.4
1036.0 34.2 33.8
1037.0 34.4 34.2
1038.0 34.8 34.2
1039.0 35.2 34.4
1040.0 35.2 34.8
1041.0 35.4 35.2
1042.0 35.8 35.2
1043.0 36.2 35.4
1044.0 36.2 35.8
1045.0 36.4 36.2
1046.0 36.8 36.2
1047.0 37.2 36.4
1048.0 37.2 36.8
1049.0 37.4 37.2
1050.0 37.8 37.2
1051.0 38.2 37.4
1052.0 38.2 37.8
1053.0 38.4 38.2
1054.0 38.8 38.2
1055.0 39.2 38.4
1056.0 39.2 38.8
1057.0 39.4 39.2
1058.0 39.8 39.2
1059.0 40.2 39.4
1060.0 40.2 39.8
1061.0 40.4 40.2
1062.0 40.8 40.2
1063.0 41.2 40.4
1064.0 41.2 40.8
1065.0 41.4 41.2
1066.0 41.8 41.2
1067.0 42.2 41.4
1068.0 42.2 41.8
1069.0 42.4 42.2
1070.0 42.8 42.2
1071.0 43.2 42.4
1072.0 43.2 42.8
1073.0 43.4 43.2
1074.0 43.8 43.2
1075.0 44.2 43.4
1076.0 44.2 43.8
1077.0 44.4 44.2
1078.0 44.8 44.2
1079.0 45.2 44.4
1080.0 45.2 44.8
1081.0 45.4 45.2
1082.0 45.8 45.2
1083.0 46.2 45.4
1084.0 46.2 45.8
1085.0 46.4 46.2
1086.0 46.8 46.2
1087.0 47.2 46.4
1088.0 47.2 46.8
1089.0 47.4 47.2
1108.0 2.2 1.8
1109.0 2.4 2.2
1110.0 2.8 2.2
1111.0 3.2 2.4
1112.0 3.2 2.8
1113.0 3.4 3.2
1114.0 3.8 3.2
1115.0 4.2 3.4
1116.0 4.2 3.8
1117.0 4.4 4.2
1118.0 4.8 4.2
1119.0 5.2 4.4
1120.0 5.2 4.8
1121.0 5.4 5.2
1122.0 5.8 5.2
1123.0 6.2 5.4
1124.0 6.2 5.8
1125.0 6.4 6.2
1126.0 6.8 6.2
1127.0 7.2 6.4
1128.0 7.2 6.8
1129.0 7.4 7.2
1130.0 7.8 7.2
1131.0 8.2 7.4
1132.0 8.2 7.8
1133.0 8.4 8.2
1134.0 8.8 8.2
1135.0 9.2 8.4
1136.0 9.2 8.8
1137.0 9.4 9.2
1138.0 9.8 9.2
1139.0 10.2 9.4
1140.0 10.2 9.8
1141.0 10.4 10.2
1142.0 10.8 10.2
1143.0 11.2 10.4
1144.0 11.2 10.8
1145.0 11.4 11.2
1146.0 11.8 11.2
1147.0 12.2 11.4
1148.0 12.2 11.8
1149.0 12.4 12.2
1150.0 12.8 12.2
1151.0 13.2 12.4
1152.0 13.2 12.8
1153.0 13.4 13.2
1154.0 13.8 13.2
1155.0 14.2 13.4
1156.0 14.2 13.8
1157.0 14.4 14.2
1158.0 14.8 14.2
1159.0 15.2 14.4
1160.0 15.2 14.8
1161.0 15.4 15.2
1162.0 15.8 15.2
1163.0 16.2 15.4
1164.0 16.2 15.8
1165.0 16.4 16.2
1166.0 16.8 16.2
1167.0 17.2 16.4
1168.0 17.2 16.8
1169.0 17.4 17.2
1170.0 17.8 17.2
1171.0 18.2 17.4
1172.0 18.2 17.8
1173.0 18.4 18.2
1174.0 18.8 18.2
1175.0 19.2 18.4
1176.0 19.2 18.8
1177.0 19.4 19.2
1178.0 19.8 19.2
1179.0 20.2 19.4
1180.0 20.2 19.8
1181.0 20.4 20.2
1182.0 20.8 20.2
1183.0 21.2 20.4
1184.0 21.2 20.8
1185.0 21.4 21.2
1186.0 21.8 21.2
1187.0 22.2 21.4
1188.0 22.2 21.8
1189.0 22.4 22.2
1190.0 22.8 22.2
1191.0 23.2 22.4
1192.0 23.2 22.8
1193.0 23.4 23.2
1194.0 23.8 23.2
1195.0 24.2 23.4
1196.0 24.2 23.8
1197.0 24.4 24.2
1198.0 24.8 24.2
1199.0 25.2 24.4
1200.0 25.2 24.8
1201.0 25.4 25.2
1202.0 25.8 25.2
1203.0 26.2 25.4
1204.0 26.2 25.8
1205.0 26.4 26.2
1206.0 26.8 26.2
1207.0 27.2 26.4
1208.0 27.2 26.8
1209.0 27.4 27.2
1210.0 27.8 27.2
1211.0 28.2 27.4
1212.0 28.2 27.8
1213.0 28.4 28.2
1214.0 28.8 28.2
1215.0 29.2 28.4
1216.0 29.2 28.8
1217.0 29.4 29.2
1218.0 29.8 29.2
1219.0 30.2 29.4
1220.0 30.2 29.8
1221.0 30.4 30.2
1222.0 30.8 30.2
1223.0 31.2 30.4
1224.0 31.2 30.8
1225.0 31.4 31.2
1226.0 31.8 31.2
1227.0 32.2 31.4
1228.0 32.2 31.8
1229.0 32.4 32.2
1230.0 32.8 32.2
1231.0 33.2 32.4
1232.0 33.2 32.8
1233.0 33.4 33.2
1234.0 33.8 33.2
1235.0 34.2 33.4
1236.0 34.2 33.8
1237.0 34.4 34.2
1238.0 34.8 34.2
1239.0 35.2 34.4
1240.0 35.2 34.8
1241.0 35.4 35.2
1242.0 35.8 35.2
1243.0 36.2 35.4
1244.0 36.2 35.8
1245.0 36.4 36.2
1246.0 36.8 36.2
1247.0 37.2 36.4
1248.0 37.2 36.8
1249.0 37.4 37.2
1250.0 37.8 37.2
1251.0 38.2 37.4
1252.0 38.2 37.8
1253.0 38.4 38.2
1254.0 38.8 38.2
1255.0 39.2 38.4
1256.0 39.2 38.8
1257.0 39.4 39.2
1258.0 39.8 39.2
1259.0 40.2 39.4
1260.0 40.2 39.8
1261.0 40.4 40.2
1262.0 40.8 40.2
1263.0 41.2 40.4
1264.0 41.2 40.8
1265.0 41.4 41.2
1266.0 41.8 41.2
1267.0 42.2 41.4
1268.0 42.2 41.8
1269.0 42.4 42.2
1270.0 42.8 42.2
1271.0 43.2 42.4
1272.0 43.2 42.8
1273.0 43.4 43.2
1274.0 43.8 43.2
1275.0 44.2 43.4
1276.0 44.2 43.8
1277.0 44.4 44.2
1278.0 44.8 44.2
1279.0 45.2 44.4
1280.0 45.2 44.8
1281.0 45.4 45.2
1282.0 45.8 45.2
1283.0 46.2 45.4
1284.0 46.2 45.8
1285.0 46.4 46.2
1286.0 46.8 46.2
1287.0 47.2 46.4
1288.0 47.2 46.8
1289.0 47.4 47.2
1308.0 2.2 1.8
1309.0 2.4 2.2
1310.0 2.8 2.2
1311.0 3.2 2.4
1312.0 3.2 2.8
1313.0 3.4 3.2
1314.0 3.8 3.2
1315.0 4.2 3.4
1316.0 4.2 3.8
1317.0 4.4 4.2
1318.0 4.8 4.2
1319.0 5.2 4.4
1320.0 5.2 4.8
1321.0 5.4 5.2
1322.0 5.8 5.2
1323.0 6.2 5.4
1324.0 6.2 5.8
1325.0 6.4 6.2
1326.0 6.8 6.2
1327.0 7.2 6.4
1328.0 7.2 6.8
1329.0 7.4 7.2
1330.0 7.8 7.2
1331.0 8.2 7.4
1332.0 8.2 7.8
1333.0 8.4 8.2
1334.0 8.8 8.2
1335.0 9.2 8.4
1336.0 9.2 8.8
1337.0 9.4 9.2
1338.0 9.8 9.2
1339.0 10.2 9.4
1340.0 10.2 9.8
1341.0 10.4 10.2
1342.0 10.8 10.2
1343.0 11.2 10.4
1344.0 11.2 10.8
1345.0 11.4 11.2
1346.0 11.8 11.2
1347.0 12.2 11.4
1348.0 12.2 11.8
1349.0 12.4 12.2
1350.0 12.8 12.2
1351.0 13.2 12.4
1352.0 13.2 12.8
1353.0 13.4 13.2
1354.0 13.8 13.2
1355.0 14.2 13.4
1356.0 14.2 13.8
1357.0 14.4 14.2
1358.0 14.8 14.2
1359.0 15.2 14.4
1360.0 15.2 14.8
1361.0 15.4 15.2
1362.0 15.8 15.2
1363.0 16.2 15.4
1364.0 16.2 15.8
1365.0 16.4 16.2
1366.0 16.8 16.2
1367.0 17.2 16.4
1368.0 17.2 16.8
1369.0 17.4 17.2
1370.0 17.8 17.2
1371.0 18.2 17.4
1372.0 18.2 17.8
1373.0 18.4 18.2
1374.0 18.8 18.2
1375.0 19.2 18.4
1376.0 19.2 18.8
1377.0 19.4 19.2
1378.0 19.8 19.2
1379.0 20.2 19.4
1380.0 20.2 19.8
1381.0 20.4 20.2
1382.0 20.8 20.2
1383.0 21.2 20.4
1384.0 21.2 20.8
1385.0 21.4 21.2
1386.0 21.8 21.2
1387.0 22.2 21.4
1388.0 22.2 21.8
1389.0 22.4 22.2
1390.0 22.8 22.2
1391.0 23.2 22.4
1392.0 23.2 22.8
1393.0 23.4 23.2
1394.0 23.8 23.2
1395.0 24.2 23.4
1396.0 24.2 23.8
1397.0 24.4 24.2
1398.0 24.8 24.2
1399.0 25.2 24.4
1400.0 25.2 24.8
1401.0 25.4 25.2
1402.0 25.8 25.2
1403.0 26.2 25.4
1404.0 26.2 25.8
1405.0 26.4 26.2
1406.0 26.8 26.2
1407.0 27.2 26.4
1408.0 27.2 26.8
1409.0 27.4 27.2
1410.0 27.8 27.2
1411.0 28.2 27.4
1412.0 28.2 27.8
1413.0 28.4 28.2
1414.0 28.8 28.2
1415.0 29.2 28.4
1416.0 29.2 28.8
1417.0 29.4 29.2
1418.0 29.8 29.2
1419.0 30.2 29.4
1420.0 30.2 29.8
1421.0 30.4 30.2
1422.0 30.8 30.2
1423.0 31.2 30.4
1424.0 31.2 30.8
1425.0 31.4 31.2
1426.0 31.8 31.2
1427.0 32.2 31.4
1428.0 32.2 31.8
1429.0 32.4 32.2
1430.0 32.8 32.2
1431.0 33.2 32.4
1432.0 33.2 32.8
1433.0 33.4 33.2
1434.0 33.8 33.2
1435.0 34.2 33.4
1436.0 34.2 33.8
1437.0 34.4 34.2
1438.0 34.8 34.2
1439.0 35.2 34.4
1440.0 35.2 34.8
1441.0 35.4 35.2
1442.0 35.8 35.2
1443.0 36.2 35.4
1444.0 36.2 35.8
1445.0 36.4 36.2
1446.0 36.8 36.2
1447.0 37.2 36.4
1448.0 37.2 36.8
1449.0 37.4 37.2
1450.0 37.8 37.2
1451.0 38.2 37.4
1452.0 38.2 37.8
1453.0 38.4 38.2
1454.0 38.8 38.2
1455.0 39.2 38.4
1456.0 39.2 38.8
1457.0 39.4 39.2
1458.0 39.8 39.2
1459.0 40.2 39.4
1460.0 40.2 39.8
1461.0 40.4 40.2
1462.0 40.8 40.2
1463.0 41.2 40.4
1464.0 41.2 40.8
1465.0 41.4 41.2
1466.0 41.8 41.2
1467.0 42.2 41.4
1468.0 42.2 41.8
1469.0 42.4 42.2
1470.0 42.8 42.2
1471.0 43.2 42.4
1472.0 43.2 42.8
1473.0 43.4 43.2
1474.0 43.8 43.2
1475.0 44.2 43.4
1476.0 44.2 43.8
1477.0 44.4 44.2
1478.0 44.8 44.2
1479.0 45.2 44.4
1480.0 45.2 44.8
1481.0 45.4 45.2
1482.0 45.8 45.2
1483.0 46.2 45.4
1484.0 46.2 45.8
1485.0 46.4 46.2
1486.0 46.8 46.2
1487.0 47.2 46.4
1488.0 47.2 46.8
1489.0 47.4 47.2
1508.0 2.2 1.8
1509.0 2.4 2.2
1510.0 2.8 2.2
1511.0 3.2 2.4
1512.0 3.2 2.8
1513.0 3.4 3.2
1514.0 3.8 3.2
1515.0 4.2 3.4
1516.0 4.2 3.8
1517.0 4.4 4.2
1518.0 4.8 4.2
1519.0 5.2 4.4
1520.0 5.2 4.8
1521.0 5.4 5.2
1522.0 5.8 5.2
1523.0 6.2 5.4
1524.0 6.2 5.8
1525.0 6.4 6.2
1526.0 6.8 6.2
1527.0 7.2 6.4
1528.0 7.2 6.8
1529.0 7.4 7.2
1530.0 7.8 7.2
1531.0 8.2 7.4
1532.0 8.2 7.8
1533.0 8.4 8.2
1534.0 8.8 8.2
1535.0 9.2 8.4
1536.0 9.2 8.8
1537.0 9.4 9.2
1538.0 9.8 9.2
1539.0 10.2 9.4
1540.0 10.2 9.8
1541.0 10.4 10.2
1542.0 10.8 10.2
1543.0 11.2 10.4
1544.0 11.2 10.8
1545.0 11.4 11.2
1546.0 11.8 11.2
1547.0 12.2 11.4
1548.0 12.2 11.8
1549.0 12.4 12.2
1550.0 12.8 12.2
1551.0 13.2 12.4
1552.0 13.2 12.8
1553.0 13.4 13.2
1554.0 13.8 13.2
1555.0 14.2 13.4
1556.0 14.2 13.8
1557.0 14.4 14.2
1558.0 14.8 14.2
1559.0 15.2 14.4
1560.0 15.2 14.8
1561.0 15.4 15.2
1562.0 15.8 15.2
1563.0 16.2 15.4
1564.0 16.2 15.8
1565.0 16.4 16.2
1566.0 16.8 16.2
1567.0 17.2 16.4
1568.0 17.2 16.8
1569.0 17.4 17.2
1570.0 17.8 17.2
1571.0 18.2 17.4
1572.0 18.2 17.8
1573.0 18.4 18.2
1574.0 18.8 18.2
1575.0 19.2 18.4
1576.0 19.2 18.8
1577.0 19.4 19.2
1578.0 19.8 19.2
1579.0 20.2 19.4
1580.0 20.2 19.8
1581.0 20.4 20.2
1582.0 20.8 20.2
1583.0 21.2 20.4
1584.0 21.2 20.8
1585.0 21.4 21.2
1586.0 21.8 21.2
1587.0 22.2 21.4
1588.0 22.2 21.8
1589.0 22.4 22.2
1590.0 22.8 22.2
1591.0 23.2 22.4
1592.0 23.2 22.8
1593.0 23.4 23.2
1594.0 23.8 23.2
1595.0 24.2 23.4
1596.0 24.2 23.8
1597.0 24.4 24.2
1598.0 24.8 24.2
1599.0 25.2 24.4
1600.0 25.2 24.8
1601.0 25.4 25.2
1602.0 25.8 25.2
1603.0 26.2 25.4
1604.0 26.2 25.8
1605.0 26.4 26.2
1606.0 26.8 26.2
1607.0 27.2 26.4
1608.0 27.2 26.8
1609.0 27.4 27.2
1610.0 27.8 27.2
1611.0 28.2 27.4
1612.0 28.2 27.8
1613.0 28.4 28.2
1614.0 28.8 28.2
1615.0 29.2 28.4
1616.0 29.2 28.8
1617.0 29.4 29.2
1618.0 29.8 29.2
1619.0 30.2 29.4
1620.0 30.2 29.8
1621.0 30.4 30.2
1622.0 30.8 30.2
1623.0 31.2 30.4
1624.0 31.2 30.8
1625.0 31.4 31.2
1626.0 31.8 31.2
1627.0 32.2 31.4
1628.0 32.2 31.8
1629.0 32.4 32.2
1630.0 32.8 32.2
1631.0 33.2 32.4
1632.0 33.2 32.8
1633.0 33.4 33.2
1634.0 33.8 33.2
1635.0 34.2 33.4
1636.0 34.2 33.8
1637.0 34.4 34.2
1638.0 34.8 34.2
1639.0 35.2 34.4
1640.0 35.2 34.8
1641.0 35.4 35.2
1642.0 35.8 35.2
1643.0 36.2 35.4
1644.0 36.2 35.8
1645.0 36.4 36.2
1646.0 36.8 36.2
1647.0 37.2 36.4
1648.0 37.2 36.8
1649.0 37.4 37.2
1650.0 37.8 37.2
1651.0 38.2 37.4
1652.0 38.2 37.8
1653.0 38.4 38.2
1654.0 38.8 38.2
1655.0 39.2 38.4
1656.0 39.2 38.8
1657.0 39.4 39.2
1658.0 39.8 39.2
1659.0 40.2 39.4
1660.0 40.2 39.8
1661.0 40.4 40.2
1662.0 40.8 40.2
1663.0 41.2 40.4
1664.0 41.2 40.8
1665.0 41.4 41.2
1666.0 41.8 41.2
1667.0 42.2 41.4
1668.0 42.2 41.8
1669.0 42.4 42.2
1670.0 42.8 42.2
1671.0 43.2 42.4
1672.0 43.2 42.8
1673.0 43.4 43.2
1674.0 43.8 43.2
1675.0 44.2 43.4
1676.0 44.2 43.8
1677.0 44.4 44.2
1678.0 44.8 44.2
1679.0 45.2 44.4
1680.0 45.2 44.8
1681.0 45.4 45.2
1682.0 45.8 45.2
1683.0 46.2 45.4
1684.0 46.2 45.8
1685.0 46.4 46.2
1686.0 46.8 46.2
1687.0 47.2 46.4
1688.0 47.2 46.8
1689.0 47.4 47.2
1708.0 2.2 1.8
1709.0 2.4 2.2
1710.0 2.8 2.2
1711.0 3.2 2.4
1712.0 3.2 2.8
1713.0 3.4 3.2
1714.0 3.8 3.2
1715.0 4.2 3.4
1716.0 4.2 3.8
1717.0 4.4 4.2
1718.0 4.8 4.2
1719.0 5.2 4.4
1720.0 5.2 4.8
1721.0 5.4 5.2
1722.0 5.8 5.2
1723.0 6.2 5.4
1724.0 6.2 5.8
1725.0 6.4 6.2
1726.0 6.8 6.2
1727.0 7.2 6.4
1728.0 7.2 6.8
1729.0 7.4 7.2
1730.0 7.8 7.2
1731.0 8.2 7.4
1732.0 8.2 7.8
1733.0 8.4 8.2
1734.0 8.8 8.2
1735.0 9.2 8.4
1736.0 9.2 8.8
1737.0 9.4 9.2
1738.0 9.8 9.2
1739.0 10.2 9.4
1740.0 10.2 9.8
1741.0 10.4 10.2
1742.0 10.8 10.2
1743.0 11.2 10.4
1744.0 11.2 10.8
1745.0 11.4 11.2
1746.0 11.8 11.2
1747.0 12.2 11.4
1748.0 12.2 11.8
1749.0 12.4 12.2
1750.0 12.8 12.2
1751.0 13.2 12.4
1752.0 13.2 12.8
1753.0 13.4 13.2
1754.0 13.8 13.2
1755.0 14.2 13.4
1756.0 14.2 13.8
1757.0 14.4 14.2
1758.0 14.8 14.2
1759.0 15.2 14.4
1760.0 15.2 14.8
1761.0 15.4 15.2
1762.0 15.8 15.2
1763.0 16.2 15.4
1764.0 16.2 15.8
1765.0 16.4 16.2
1766.0 16.8 16.2
1767.0 17.2 16.4
1768.0 17.2 16.8
1769.0 17.4 17.2
1770.0 17.8 17.2
1771.0 18.2 17.4
1772.0 18.2 17.8
1773.0 18.4 18.2
1774.0 18.8 18.2
1775.0 19.2 18.4
1776.0 19.2 18.8
1777.0 19.4 19.2
1778.0 19.8 19.2
1779.0 20.2 19.4
1780.0 20.2 19.8
1781.0 20.4 20.2
1782.0 20.8 20.2
1783.0 21.2 20.4
1784.0 21.2 20.8
1785.0 21.4 21.2
1786.0 21.8 21.2
1787.0 22.2 21.4
1788.0 22.2 21.8
1789.0 22.4 22.2
1790.0 22.8 22.2
1791.0 23.2 22.4
1792.0 23.2 22.8
1793.0 23.4 23.2
1794.0 23.8 23.2
1795.0 24.2 23.4
1796.0 24.2 23.8
1797.0 24.4 24.2
1798.0 24.8 24.2
1799.0 25.2 24.4
1800.0 25.2 24.8
1801.0 25.4 25.2
1802.0 25.8 25.2
1803.0 26.2 25.4
1804.0 26.2 25.8
1805.0 26.4 26.2
1806.0 26.8 26.2
1807.0 27.2 26.4
1808.0 27.2 26.8
1809.0 27.4 27.2
1810.0 27.8 27.2
1811.0 28.2 27.4
1812.0 28.2 27.8
1813.0 28.4 28.2
1814.0 28.8 28.2
1815.0 29.2 28.4
1816.0 29.2 28.8
1817.0 29.4 29.2
1818.0 29.8 29.2
1819.0 30.2 29.4
1820.0 30.2 29.8
1821.0 30.4 30.2
1822.0 30.8 30.2
1823.0 31.2 30.4
1824.0 31.2 30.8
1825.0 31.4 31.2
1826.0 31.8 31.2
1827.0 32.2 31.4
1828.0 32.2 31.8
1829.0 32.4 32.2
1830.0 32.8 32.2
1831.0 33.2 32.4
1832.0 33.2 32.8
1833.0 33.4 33.2
1834.0 33.8 33.2
1835.0 34.2 33.4
1836.0 34.2 33.8
1837.0 34.4 34.2
1838.0 34.8 34.2
1839.0 35.2 34.4
1840.0 35.2 34.8
1841.0 35.4 35.2
1842.0 35.8 35.2
1843.0 36.2 35.4
1844.0 36.2 35.8
1845.0 36.4 36.2
1846.0 36.8 36.2
1847.0 37.2 36.4
1848.0 37.2 36.8
1849.0 37.4 37.2
1850.0 37.8 37.2
1851.0 38.2 37.4
1852.0 38.2 37.8
1853.0 38.4 38.2
1854.0 38.8 38.2
1855.0 39.2 38.4
1856.0 39.2 38.8
1857.0 39.4 39.2
1858.0 39.8 39.2
1859.0 40.2 39.4
1860.0 40.2 39.8
1861.0 40.4 40.2
1862.0 40.8 40.2
1863.0 41.2 40.4
1864.0 41.2 40.8
1865.0 41.4 41.2
1866.0 41.8 41.2
1867.0 42.2 41.4
1868.0 42.2 41.8
1869.0 42.4 42.2
1870.0 42.8 42.2
1871.0 43.2 42.4
1872.0 43.2 42.8
1873.0 43.4 43.2
1874.0 43.8 43.2
1875.0 44.2 43.4
1876.0 44.2 43.8
1877.0 44.4 44.2
1878.0 44.8 44.2
1879.0 45.2 44.4
1880.0 45.2 44.8
1881.0 45.4 45.2
1882.0 45.8 45.2
1883.0 46.2 45.4
1884.0 46.2 45.8
1885.0 46.4 46.2
1886.0 46.8 46.2
1887.0 47.2 46.4
1888.0 47.2 46.8
1889.0 47.4 47.2
1908.0 2.2 1.8
1909.0 2.4 2.2
1910.0 2.8 2.2
1911.0 3.2 2.4
1912.0 3.2 2.8
1913.0 3.4 3.2
1914.0 3.8 3.2
1915.0 4.2 3.4
1916.0 4.2 3.8
1917.0 4.4 4.2
1918.0 4.8 4.2
1919.0 5.2 4.4
1920.0 5.2 4.8
1921.0 5.4 5.2
1922.0 5.8 5.2
1923.0 6.2 5.4
1924.0 6.2 5.8
1925.0 6.4 6.2
1926.0 6.8 6.2
1927.0 7.2 6.4
1928.0 7.2 6.8
1929.0 7.4 7.2
1930.0 7.8 7.2
1931.0 8.2 7.4
1932.0 8.2 7.8
1933.0 8.4 8.2
1934.0 8.8 8.2
1935.0 9.2 8.4
1936.0 9.2 8.8
1937.0 9.4 9.2
1938.0 9.8 9.2
1939.0 10.2 9.4
1940.0 10.2 9.8
1941.0 10.4 10.2
1942.0 10.8 10.2
1943.0 11.2 10.4
1944.0 11.2 10.8
1945.0 11.4 11.2
1946.0 11.8 11.2
1947.0 12.2 11.4
1948.0 12.2 11.8
1949.0 12.4 12.2
1950.0 12.8 12.2
1951.0 13.2 12.4
1952.0 13.2 12.8
1953.0 13.4 13.2
1954.0 13.8 13.2
1955.0 14.2 13.4
1956.0 14.2 13.8
1957.0 14.4 14.2
1958.0 14.8 14.2
1959.0 15.2 14.4
1960.0 15.2 14.8
1961.0 15.4 15.2
1962.0 15.8 15.2
1963.0 16.2 15.4
1964.0 16.2 15.8
1965.0 16.4 16.2
1966.0 16.8 16.2
1967.0 17.2 16.4
1968.0 17.2 16.8
1969.0 17.4 17.2
1970.0 17.8 17.2
1971.0 18.2 17.4
1972.0 18.2 17.8
1973.0 18.4 18.2
1974.0 18.8 18.2
1975.0 19.2 18.4
1976.0 19.2 18.8
1977.0 19.4 19.2
1978.0 19.8 19.2
1979.0 20.2 19.4
1980.0 20.2 19.8
1981.0 20.4 20.2
1982.0 20.8 20.2
1983.0 21.2 20.4
1984.0 21.2 20.8
1985.0 21.4 21.2
1986.0 21.8 21.2
1987.0 22.2 21.4
1988.0 22.2 21.8
1989.0 22.4 22.2
1990.0 22.8 22.2
1991.0 23.2 22.4
1992.0 23.2 22.8
1993.0 23.4 23.2
1994.0 23.8 23.2
1995.0 24.2 23.4
1996.0 24.2 23.8
1997.0 24.4 24.2
1998.0 24.8 24.2
1999.0 25.2 24.4
2000.0 25.2 24.8
2001.0 25.4 25.2
2002.0 25.8 25.2
2003.0 26.2 25.4
2004.0 26.2 25.8
2005.0 26.4 26.2
2006.0 26.8 26.2
2007.0 27.2 26.4
2008.0 27.2 26.8
2009.0 27.4 27.2
2010.0 27.8 27.2
2011.0 28.2 27.4
2012.0 28.2 27.8
2013.0 28.4 28.2
2014.0 28.8 28.2
2015.0 29.2 28.4
2016.0 29.2 28.8
2017.0 29.4 29.2
2018.0 29.8 29.2
2019.0 30.2 29.4
2020.0 30.2 29.8
2021.0 30.4 30.2
2022.0 30.8 30.2
2023.0 31.2 30.4
2024.0 31.2 30.8
2025.0 31.4 31.2
2026.0 31.8 31.2
2027.0 32.2 31.4
2028.0 32.2 31.8
2029.0 32.4 32.2
2030.0 32.8 32.2
2031.0 33.2 32.4
2032.0 33.2 32.8
2033.0 33.4 33.2
2034.0 33.8 33.2
2035.0 34.2 33.4
2036.0 34.2 33.8
2037.0 34.4 34.2
2038.0 34.8 34.2
2039.0 35.2 34.4
2040.0 35.2 34.8
2041.0 35.4 35.2
2042.0 35.8 35.2
2043.0 36.2 35.4
2044.0 36.2 35.8
2045.0 36.4 36.2
2046.0 36.8 36.2
2047.0 37.2 36.4
2048.0 37.2 36.8
2049.0 37.4 37.2
2050.0 37.8 37.2
2051.0 38.2 37.4
2052.0 38.2 37.8
2053.0 38.4 38.2
2054.0 38.8 38.2
2055.0 39.2 38.4
2056.0 39.2 38.8
2057.0 39.4 39.2
2058.0 39.8 39.2
2059.0 40.2 39.4
2060.0 40.2 39.8
2061.0 40.4 40.2
2062.0 40.8 40.2
2063.0 41.2 40.4
2064.0 41.2 40.8
2065.0 41.4 41.2
2066.0 41.8 41.2
2067.0 42.2 41.4
2068.0 42.2 41.8
2069.0 42.4 42.2
2070.0 42.8 42.2
2071.0 43.2 42.4
2072.0 43.2 42.8
2073.0 43.4 43.2
2074.0 43.8 43.2
2075.0 44.2 43.4
2076.0 44.2 43.8
2077.0 44.4 44.2
2078.0 44.8 44.2
2079.0 45.2 44.4
2080.0 45.2 44.8
2081.0 45.4 45.2
2082.0 45.8 45.2
2083.0 46.2 45.4
2084.0 46.2 45.8
2085.0 46.4 46.2
2086.0 46.8 46.2
2087.0 47.2 46.4
2088.0 47.2 46.8
2089.0 47.4 47.2
2108.0 2.2 1.8
2109.0 2.4 2.2
2110.0 2.8 2.2
2111.0 3.2 2.4
2112.0 3.2 2.8
2113.0 3.4 3.2
2114.0 3.8 3.2
2115.0 4.2 3.4
2116.0 4.2 3.8
2117.0 4.4 4.2
2118.0 4.8 4.2
2119.0 5.2 4.4
2120.0 5.2 4.8
2121.0 5.4 5.2
2122.0 5.8 5.2
2123.0 6.2 5.4
2124.0 6.2 5.8
2125.0 6.4 6.2
2126.0 6.8 6.2
2127.0 7.2 6.4
2128.0 7.2 6.8
2129.0 7.4 7.2
2130.0 7.8 7.2
2131.0 8.2 7.4
2132.0 8.2 7.8
2133.0 8.4 8.2
2134.0 8.8 8.2
2135.0 9.2 8.4
2136.0 9.2 8.8
2137.0 9.4 9.2
2138.0 9.8 9.2
2139.0 10.2 9.4
2140.0 10.2 9.8
2141.0 10.4 10.2
2142.0 10.8 10.2
2143.0 11.2 10.4
2144.0 11.2 10.8
2145.0 11.4 11.2
2146.0 11.8 11.2
2147.0 12.2 11.4
2148.0 12.2 11.8
2149.0 12.4 12.2
2150.0 12.8 12.2
2151.0 13.2 12.4
2152.0 13.2 12.8
2153.0 13.4 13.2
2154.0 13.8 13.2
2155.0 14.2 13.4
2156.0 14.2 13.8
2157.0 14.4 14.2
2158.0 14.8 14.2
2159.0 15.2 14.4
2160.0 15.2 14.8
2161.0 15.4 15.2
2162.0 15.8 15.2
2163.0 16.2 15.4
2164.0 16.2 15.8
2165.0 16.4 16.2
2166.0 16.8 16.2
2167.0 17.2 16.4
2168.0 17.2 16.8
2169.0 17.4 17.2
2170.0 17.8 17.2
2171.0 18.2 17.4
2172.0 18.2 17.8
2173.0 18.4 18.2
2174.0 18.8 18.2
2175.0 19.2 18.4
2176.0 19.2 18.8
2177.0 19.4 19.2
2178.0 19.8 19.2
2179.0 20.2 19.4
2180.0 20.2 19.8
2181.0 20.4 20.2
2182.0 20.8 20.2
2183.0 21.2 20.4
2184.0 21.2 20.8
2185.0 21.4 21.2
2186.0 21.8 21.2
2187.0 22.2 21.4
2188.0 22.2 21.8
2189.0 22.4 22.2
2190.0 22.8 22.2
2191.0 23.2 22.4
2192.0 23.2 22.8
2193.0 23.4 23.2
2194.0 23.8 23.2
2195.0 24.2 23.4
2196.0 24.2 23.8
2197.0 24.4 24.2
2198.0 24.8 24.2
2199.0 25.2 24.4
2200.0 25.2 24.8
2201.0 25.4 25.2
2202.0 25.8 25.2
2203.0 26.2 25.4
2204.0 26.2 25.8
2205.0 26.4 26.2
2206.0 26.8 26.2
2207.0 27.2 26.4
2208.0 27.2 26.8
2209.0 27.4 27.2
2210.0 27.8 27.2
2211.0 28.2 27.4
2212.0 28.2 27.8
2213.0 28.4 28.2
2214.0 28.8 28.2
2215.0 29.2 28.4
2216.0 29.2 28.8
2217.0 29.4 29.2
2218.0 29.8 29.2
2219.0 30.2 29.4
2220.0 30.2 29.8
2221.0 30.4 30.2
2222.0 30.8 30.2
2223.0 31.2 30.4
2224.0 31.2 30.8
2225.0 31.4 31.2
2226.0 31.8 31.2
2227.0 32.2 31.4
2228.0 32.2 31.8
2229.0 32.4 32.2
2230.0 32.8 32.2
2231.0 33.2 32.4
2232.0 33.2 32.8
2233.0 33.4 33.2
2234.0 33.8 33.2
2235.0 34.2 33.4
2236.0 34.2 33.8
2237.0 34.4 34.2
2238.0 34.8 34.2
2239.0 35.2 34.4
2240.0 35.2 34.8
2241.0 35.4 35.2
2242.0 35.8 35.2
2243.0 36.2 35.4
2244.0 36.2 35.8
2245.0 36.4 36.2
2246.0 36.8 36.2
2247.0 37.2 36.4
2248.0 37.2 36.8
2249.0 37.4 37.2
2250.0 37.8 37.2
2251.0 38.2 37.4
2252.0 38.2 37.8
2253.0 38.4 38.2
2254.0 38.8 38.2
2255.0 39.2 38.4
2256.0 39.2 38.8
2257.0 39.4 39.2
2258.0 39.8 39.2
2259.0 40.2 39.4
2260.0 40.2 39.8
2261.0 40.4 40.2
2262.0 40.8 40.2
2263.0 41.2 40.4
2264.0 41.2 40.8
2265.0 41.4 41.2
2266.0 41.8 41.2
2267.0 42.2 41.4
2268.0 42.2 41.8
2269.0 42.4 42.2
2270.0 42.8 42.2
2271.0 43.2 42.4
2272.0 43.2 42.8
2273.0 43.4 43.2
2274.0 43.8 43.2
2275.0 44.2 43.4
2276.0 44.2 43.8
2277.0 44.4 44.2
2278.0 44.8 44.2
2279.0 45.2 44.4
2280.0 45.2 44.8
2281.0 45.4 45.2
2282.0 45.8 45.2
2283.0 46.2 45.4
2284.0 46.2 45.8
2285.0 46.4 46.2
2286.0 46.8 46.2
2287.0 47.2 46.4
2288.0 47.2 46.8
2289.0 47.4 47.2
2308.0 2.2 1.8
2309.0 2.4 2.2
2310.0 2.8 2.2
2311.0 3.2 2.4
2312.0 3.2 2.8
2313.0 3.4 3.2
2314.0 3.8 3.2
2315.0 4.2 3.4
2316.0 4.2 3.8
2317.0 4.4 4.2
2318.0 4.8 4.2
2319.0 5.2 4.4
2320.0 5.2 4.8
2321.0 5.4 5.2
2322.0 5.8 5.2
2323.0 6.2 5.4
2324.0 6.2 5.8
2325.0 6.4 6.2
2326.0 6.8 6.2
2327.0 7.2 6.4
2328.0 7.2 6.8
2329.0 7.4 7.2
2330.0 7.8 7.2
2331.0 8.2 7.4
2332.0 8.2 7.8
2333.0 8.4 8.2
2334.0 8.8 8.2
2335.0 9.2 8.4
2336.0 9.2 8.8
2337.0 9.4 9.2
2338.0 9.8 9.2
2339.0 10.2 9.4
2340.0 10.2 9.8
2341.0 10.4 10.2
2342.0 10.8 10.2
2343.0 11.2 10.4
2344.0 11.2 10.8
2345.0 11.4 11.2
2346.0 11.8 11.2
2347.0 12.2 11.4
2348.0 12.2 11.8
2349.0 12.4 12.2
2350.0 12.8 12.2
2351.0 13.2 12.4
2352.0 13.2 12.8
2353.0 13.4 13.2
2354.0 13.8 13.2
2355.0 14.2 13.4
2356.0 14.2 13.8
2357.0 14.4 14.2
2358.0 14.8 14.2
2359.0 15.2 14.4
2360.0 15.2 14.8
2361.0 15.4 15.2
2362.0 15.8 15.2
2363.0 16.2 15.4
2364.0 16.2 15.8
2365.0 16.4 16.2
2366.0 16.8 16.2
2367.0 17.2 16.4
2368.0 17.2 16.8
2369.0 17.4 17.2
2370.0 17.8 17.2
2371.0 18.2 17.4
2372.0 18.2 17.8
2373.0 18.4 18.2
2374.0 18.8 18.2
2375.0 19.2 18.4
2376.0 19.2 18.8
2377.0 19.4 19.2
2378.0 19.8 19.2
2379.0 20.2 19.4
2380.0 20.2 19.8
2381.0 20.4 20.2
2382.0 20.8 20.2
2383.0 21.2 20.4
2384.0 21.2 20.8
2385.0 21.4 21.2
2386.0 21.8 21.2
2387.0 22.2 21.4
2388.0 22.2 21.8
2389.0 22.4 22.2
2390.0 22.8 22.2
2391.0 23.2 22.4
2392.0 23.2 22.8
2393.0 23.4 23.2
2394.0 23.8 23.2
2395.0 24.2 23.4
2396.0 24.2 23.8
2397.0 24.4 24.2
2398.0 24.8 24.2
2399.0 25.2 24.4
2400.0 25.2 24.8
2401.0 25.4 25.2
2402.0 25.8 25.2
2403.0 26.2 25.4
2404.0 26.2 25.8
2405.0 26.4 26.2
2406.0 26.8 26.2
2407.0 27.2 26.4
2408.0 27.2 26.8
2409.0 27.4 27.2
2410.0 27.8 27.2
2411.0 28.2 27.4
2412.0 28.2 27.8
2413.0 28.4 28.2
2414.0 28.8 28.2
2415.0 29.2 28.4
2416.0 29.2 28.8
2417.0 29.4 29.2
2418.0 29.8 29.2
2419.0 30.2 29.4
2420.0 30.2 29.8
2421.0 30.4 30.2
2422.0 30.8 30.2
2423.0 31.2 30.4
2424.0 31.2 30.8
2425.0 31.4 31.2
2426.0 31.8 31.2
2427.0 32.2 31.4
2428.0 32.2 31.8
2429.0 32.4 32.2
2430.0 32.8 32.2
2431.0 33.2 32.4
2432.0 33.2 32.8
2433.0 33.4 33.2
2434.0 33.8 33.2
2435.0 34.2 33.4
2436.0 34.2 33.8
2437.0 34.4 34.2
2438.0 34.8 34.2
2439.0 35.2 34.4
2440.0 35.2 34.8
2441.0 35.4 35.2
2442.0 35.8 35.2
2443.0 36.2 35.4
2444.0 36.2 35.8
2445.0 36.4 36.2
2446.0 36.8 36.2
2447.0 37.2 36.4
2448.0 37.2 36.8
2449.0 37.4 37.2
2450.0 37.8 37.2
2451.0 38.2 37.4
2452.0 38.2 37.8
2453.0 38.4 38.2
2454.0 38.8 38.2
2455.0 39.2 38.4
2456.0 39.2 38.8
2457.0 39.4 39.2
2458.0 39.8 39.2
2459.0 40.2 39.4
2460.0 40.2 39.8
2461.0 40.4 40.2
2462.0 40.8 40.2
2463.0 41.2 40.4
2464.0 41.2 40.8
2465.0 41.4 41.2
2466.0 41.8 41.2
2467.0 42.2 41.4
2468.0 42.2 41.8
2469.0 42.4 42.2
2470.0 42.8 42.2
2471.0 43.2 42.4
2472.0 43.2 42.8
2473.0 43.4 43.2
2474.0 43.8 43.2
2475.0 44.2 43.4
2476.0 44.2 43.8
2477.0 44.4 44.2
2478.0 44.8 44.2
2479.0 45.2 44.4
2480.0 45.2 44.8
2481.0 45.4 45.2
2482.0 45.8 45.2
2483.0 46.2 45.4
2484.0 46.2 45.8
2485.0 46.4 46.2
2486.0 46.8 46.2
2487.0 47.2 46.4
2488.0 47.2 46.8
2489.0 47.4 47.2
2508.0 2.2 1.8
2509.0 2.4 2.2
2510.0 2.8 2.2
2511.0 3.2 2.4
2512.0 3.2 2.8
2513.0 3.4 3.2
2514.0 3.8 3.2
2515.0 4.2 3.4
2516.0 4.2 3.8
2517.0 4.4 4.2
2518.0 4.8 4.2
2519.0 5.2 4.4
2520.0 5.2 4.8
2521.0 5.4 5.2
2522.0 5.8 5.2
2523.0 6.2 5.4
2524.0 6.2 5.8
2525.0 6.4 6.2
2526.0 6.8 6.2
2527.0 7.2 6.4
2528.0 7.2 6.8
2529.0 7.4 7.2
2530.0 7.8 7.2
2531.0 8.2 7.4
2532.0 8.2 7.8
2533.0 8.4 8.2
2534.0 8.8 8.2
2535.0 9.2 8.4
2536.0 9.2 8.8
2537.0 9.4 9.2
2538.0 9.8 9.2
2539.0 10.2 9.4
2540.0 10.2 9.8
2541.0 10.4 10.2
2542.0 10.8 10.2
2543.0 11.2 10.4
2544.0 11.2 10.8
2545.0 11.4 11.2
2546.0 11.8 11.2
2547.0 12.2 11.4
2548.0 12.2 11.8
2549.0 12.4 12.2
2550.0 12.8 12.2
2551.0 13.2 12.4
2552.0 13.2 12.8
2553.0 13.4 13.2
2554.0 13.8 13.2
2555.0 14.2 13.4
2556.0 14.2 13.8
2557.0 14.4 14.2
2558.0 14.8 14.2
2559.0 15.2 14.4
2560.0 15.2 14.8
2561.0 15.4 15.2
2562.0 15.8 15.2
2563.0 16.2 15.4
2564.0 16.2 15.8
2565.0 16.4 16.2
2566.0 16.8 16.2
2567.0 17.2 16.4
2568.0 17.2 16.8
2569.0 17.4 17.2
2570.0 17.8 17.2
2571.0 18.2 17.4
2572.0 18.2 17.8
2573.0 18.4 18.2
2574.0 18.8 18.2
2575.0 19.2 18.4
2576.0 19.2 18.8
2577.0 19.4 19.2
2578.0 19.8 19.2
2579.0 20.2 19.4
2580.0 20.2 19.8
2581.0 20.4 20.2
2582.0 20.8 20.2
2583.0 21.2 20.4
2584.0 21.2 20.8
2585.0 21.4 21.2
2586.0 21.8 21.2
2587.0 22.2 21.4
2588.0 22.2 21.8
2589.0 22.4 22.2
2590.0 22.8 22.2
2591.0 23.2 22.4
2592.0 23.2 22.8
2593.0 23.4 23.2
2594.0 23.8 23.2
2595.0 24.2 23.4
2596.0 24.2 23.8
2597.0 24.4 24.2
2598.0 24.8 24.2
2599.0 25.2 24.4
2600.0 25.2 24.8
2601.0 25.4 25.2
2602.0 25.8 25.2
2603.0 26.2 25.4
2604.0 26.2 25.8
2605.0 26.4 26.2
2606.0 26.8 26.2
2607.0 27.2 26.4
2608.0 27.2 26.8
2609.0 27.4 27.2
2610.0 27.8 27.2
2611.0 28.2 27.4
2612.0 28.2 27.8
2613.0 28.4 28.2
2614.0 28.8 28.2
2615.0 29.2 28.4
2616.0 29.2 28.8
2617.0 29.4 29.2
2618.0 29.8 29.2
2619.0 30.2 29.4
2620.0 30.2 29.8
2621.0 30.4 30.2
2622.0 30.8 30.2
2623.0 31.2 30.4
2624.0 31.2 30.8
2625.0 31.4 31.2
2626.0 31.8 31.2
2627.0 32.2 31.4
2628.0 32.2 31.8
2629.0 32.4 32.2
2630.0 32.8 32.2
2631.0 33.2 32.4
2632.0 33.2 32.8
2633.0 33.4 33.2
2634.0 33.8 33.2
2635.0 34.2 33.4
2636.0 34.2 33.8
2637.0 34.4 34.2
2638.0 34.8 34.2
2639.0 35.2 34.4
2640.0 35.2 34.8
2641.0 35.4 35.2
2642.0 35.8 35.2
2643.0 36.2 35.4
2644.0 36.2 35.8
2645.0 36.4 36.2
2646.0 36.8 36.2
2647.0 37.2 36.4
2648.0 37.2 36.8
2649.0 37.4 37.2
2650.0 37.8 37.2
2651.0 38.2 37.4
2652.0 38.2 37.8
2653.0 38.4 38.2
2654.0 38.8 38.2
2655.0 39.2 38.4
2656.0 39.2 38.8
2657.0 39.4 39.2
2658.0 39.8 39.2
2659.0 40.2 39.4
2660.0 40.2 39.8
2661.0 40.4 40.2
2662.0 40.8 40.2
2663.0 41.2 40.4
2664.0 41.2 40.8
2665.0 41.4 41.2
2666.0 41.8 41.2
2667.0 42.2 41.4
2668.0 42.2 41.8
2669.0 42.4 42.2
2670.0 42.8 42.2
2671.0 43.2 42.4
2672.0 43.2 42.8
2673.0 43.4 43.2
2674.0 43.8 43.2
2675.0 44.2 43.4
2676.0 44.2 43.8
2677.0 44.4 44.2
2678.0 44.8 44.2
2679.0 45.2 44.4
2680.0 45.2 44.8
2681.0 45.4 45.2
2682.0 45.8 45.2
2683.0 46.2 45.4
2684.0 46.2 45.8
2685.0 46.4 46.2
2686.0 46.8 46.2
2687.0 47.2 46.4
2688.0 47.2 46.8
2689.0 47.4 47.2
2708.0 2.2 1.8
2709.0 2.4 2.2
2710.0 2.8 2.2
2711.0 3.2 2.4
2712.0 3.2 2.8
2713.0 3.4 3.2
2714.0 3.8 3.2
2715.0 4.2 3.4
2716.0 4.2 3.8
2717.0 4.4 4.2
2718.0 4.8 4.2
2719.0 5.2 4.4
2720.0 5.2 4.8
2721.0 5.4 5.2
2722.0 5.8 5.2
2723.0 6.2 5.4
2724.0 6.2 5.8
2725.0 6.4 6.2
2726.0 6.8 6.2
2727.0 7.2 6.4
2728.0 7.2 6.8
2729.0 7.4 7.2
2730.0 7.8 7.2
2731.0 8.2 7.4
2732.0 8.2 7.8
2733.0 8.4 8.2
2734.0 8.8 8.2
2735.0 9.2 8.4
2736.0 9.2 8.8
2737.0 9.4 9.2
2738.0 9.8 9.2
2739.0 10.2 9.4
2740.0 10.2 9.8
2741.0 10.4 10.2
2742.0 10.8 10.2
2743.0 11.2 10.4
2744.0 11.2 10.8
2745.0 11.4 11.2
2746.0 11.8 11.2
2747.0 12.2 11.4
2748.0 12.2 11.8
2749.0 12.4 12.2
2750.0 12.8 12.2
2751.0 13.2 12.4
2752.0 13.2 12.8
2753.0 13.4 13.2
2754.0 13.8 13.2
2755.0 14.2 13.4
2756.0 14.2 13.8
2757.0 14.4 14.2
2758.0 14.8 14.2
2759.0 15.2 14.4
2760.0 15.2 14.8
2761.0 15.4 15.2
2762.0 15.8 15.2
2763.0 16.2 15.4
2764.0 16.2 15.8
2765.0 16.4 16.2
2766.0 16.8 16.2
2767.0 17.2 16.4
2768.0 17.2 16.8
2769.0 17.4 17.2
2770.0 17.8 17.2
2771.0 18.2 17.4
2772.0 18.2 17.8
2773.0 18.4 18.2
2774.0 18.8 18.2
2775.0 19.2 18.4
2776.0 19.2 18.8
2777.0 19.4 19.2
2778.0 19.8 19.2
2779.0 20.2 19.4
2780.0 20.2 19.8
2781.0 20.4 20.2
2782.0 20.8 20.2
2783.0 21.2 20.4
2784.0 21.2 20.8
2785.0 21.4 21.2
2786.0 21.8 21.2
2787.0 22.2 21.4
2788.0 22.2 21.8
2789.0 22.4 22.2
2790.0 22.8 22.2
2791.0 23.2 22.4
2792.0 23.2 22.8
2793.0 23.4 23.2
2794.0 23.8 23.2
2795.0 24.2 23.4
2796.0 24.2 23.8
2797.0 24.4 24.2
2798.0 24.8 24.2
2799.0 25.2 24.4
2800.0 25.2 24.8
2801.0 25.4 25.2
2802.0 25.8 25.2
2803.0 26.2 25.4
2804.0 26.2 25.8
2805.0 26.4 26.2
2806.0 26.8 26.2
2807.0 27.2 26.4
2808.0 27.2 26.8
2809.0 27.4 27.2
2810.0 27.8 27.2
2811.0 28.2 27.4
2812.0 28.2 27.8
2813.0 28.4 28.2
2814.0 28.8 28.2
2815.0 29.2 28.4
2816.0 29.2 28.8
2817.0 29.4 29.2
2818.0 29.8 29.2
2819.0 30.2 29.4
2820.0 30.2 29.8
2821.0 30.4 30.2
2822.0 30.8 30.2
2823.0 31.2 30.4
2824.0 31.2 30.8
2825.0 31.4 31.2
2826.0 31.8 31.2
2827.0 32.2 31.4
2828.0 32.2 31.8
2829.0 32.4 32.2
2830.0 32.8 32.2
2831.0 33.2 32.4
2832.0 33.2 32.8
2833.0 33.4 33.2
2834.0 33.8 33.2
2835.0 34.2 33.4
2836.0 34.2 33.8
2837.0 34.4 34.2
2838.0 34.8 34.2
2839.0 35.2 34.4
2840.0 35.2 34.8
2841.0 35.4 35.2
2842.0 35.8 35.2
2843.0 36.2 35.4
2844.0 36.2 35.8
2845.0 36.4 36.2
2846.0 36.8 36.2
2847.0 37.2 36.4
2848.0 37.2 36.8
2849.0 37.4 37.2
2850.0 37.8 37.2
2851.0 38.2 37.4
2852.0 38.2 37.8
2853.0 38.4 38.2
2854.0 38.8 38.2
2855.0 39.2 38.4
2856.0 39.2 38.8
2857.0 39.4 39.2
2858.0 39.8 39.2
2859.0 40.2 39.4
2860.0 40.2 39.8
2861.0 40.4 40.2
2862.0 40.8 40.2
2863.0 41.2 40.4
2864.0 41.2 40.8
2865.0 41.4 41.2
2866.0 41.8 41.2
2867.0 42.2 41.4
2868.0 42.2 41.8
2869.0 42.4 42.2
2870.0 42.8 42.2
2871.0 43.2 42.4
2872.0 43.2 42.8
2873.0 43.4 43.2
2874.0 43.8 43.2
2875.0 44.2 43.4
2876.0 44.2 43.8
2877.0 44.4 44.2
2878.0 44.8 44.2
2879.0 45.2 44.4
2880.0 45.2 44.8
2881.0 45.4 45.2
2882.0 45.8 45.2
2883.0 46.2 45.4
2884.0 46.2 45.8
2885.0 46.4 46.2
2886.0 46.8 46.2
2887.0 47.2 46.4
2888.0 47.2 46.8
2889.0 47.4 47.2
2908.0 2.2 1.8
2909.0 2.4 2.2
2910.0 2.8 2.2
2911.0 3.2 2.4
2912.0 3.2 2.8
2913.0 3.4 3.2
2914.0 3.8 3.2
2915.0 4.2 3.4
2916.0 4.2 3.8
2917.0 4.4 4.2
2918.0 4.8 4.2
2919.0 5.2 4.4
2920.0 5.2 4.8
2921.0 5.4 5.2
2922.0 5.8 5.2
2923.0 6.2 5.4
2924.0 6.2 5.8
2925.0 6.4 6.2
2926.0 6.8 6.2
2927.0 7.2 6.4
2928.0 7.2 6.8
2929.0 7.4 7.2
2930.0 7.8 7.2
2931.0 8.2 7.4
2932.0 8.2 7.8
2933.0 8.4 8.2
2934.0 8.8 8.2
2935.0 9.2 8.4
2936.0 9.2 8.8
2937.0 9.4 9.2
2938.0 9.8 9.2
2939.0 10.2 9.4
2940.0 10.2 9.8
2941.0 10.4 10.2
2942.0 10.8 10.2
2943.0 11.2 10.4
2944.0 11.2 10.8
2945.0 11.4 11.2
2946.0 11.8 11.2
2947.0 12.2 11.4
2948.0 12.2 11.8
2949.0 12.4 12.2
2950.0 12.8 12.2
2951.0 13.2 12.4
2952.0 13.2 12.8
2953.0 13.4 13.2
2954.0 13.8 13.2
2955.0 14.2 13.4
2956.0 14.2 13.8
2957.0 14.4 14.2
2958.0 14.8 14.2
2959.0 15.2 14.4
2960.0 15.2 14.8
2961.0 15.4 15.2
2962.0 15.8 15.2
2963.0 16.2 15.4
2964.0 16.2 15.8
2965.0 16.4 16.2
2966.0 16.8 16.2
2967.0 17.2 16.4
2968.0 17.2 16.8
2969.0 17.4 17.2
2970.0 17.8 17.2
2971.0 18.2 17.4
2972.0 18.2 17.8
2973.0 18.4 18.2
2974.0 18.8 18.2
2975.0 19.2 18.4
2976.0 19.2 18.8
2977.0 19.4 19.2
2978.0 19.8 19.2
2979.0 20.2 19.4
2980.0 20.2 19.8
2981.0 20.4 20.2
2982.0 20.8 20.2
2983.0 21.2 20.4
2984.0 21.2 20.8
2985.0 21.4 21.2
2986.0 21.8 21.2
2987.0 22.2 21.4
2988.0 22.2 21.8
2989.0 22.4 22.2
2990.0 22.8 22.2
2991.0 23.2 22.4
2992.0 23.2 22.8
2993.0 23.4 23.2
2994.0 23.8 23.2
2995.0 24.2 23.4
2996.0 24.2 23.8
2997.0 24.4 24.2
2998.0 24.8 24.2
2999.0 25.2 24.4
3000.0 25.2 24.8
3001.0 25.4 25.2
3002.0 25.8 25.2
3003.0 26.2 25.4
3004.0 26.2 25.8
3005.0 26.4 26.2
3006.0 26.8 26.2
3007.0 27.2 26.4
3008.0 27.2 26.8
3009.0 27.4 27.2
3010.0 27.8 27.2
3011.0 28.2 27.4
3012.0 28.2 27.8
3013.0 28.4 28.2
3014.0 28.8 28.2
3015.0 29.2 28.4
3016.0 29.2 28.8
3017.0 29.4 29.2
3018.0 29.8 29.2
3019.0 30.2 29.4
3020.0 30.2 29.8
3021.0 30.4 30.2
3022.0 30.8 30.2
3023.0 31.2 30.4
3024.0 31.2 30.8
3025.0 31.4 31.2
3026.0 31.8 31.2
3027.0 32.2 31.4
3028.0 32.2 31.8
3029.0 32.4 32.2
3030.0 32.8 32.2
3031.0 33.2 32.4
3032.0 33.2 32.8
3033.0 33.4 33.2
3034.0 33.8 33.2
3035.0 34.2 33.4
3036.0 34.2 33.8
3037.0 34.4 34.2
3038.0 34.8 34.2
3039.0 35.2 34.4
3040.0 35.2 34.8
3041.0 35.4 35.2
3042.0 35.8 35.2
3043.0 36.2 35.4
3044.0 36.2 35.8
3045.0 36.4 36.2
3046.0 36.8 36.2
3047.0 37.2 36.4
3048.0 37.2 36.8
3049.0 37.4 37.2
3050.0 37.8 37.2
3051.0 38.2 37.4
3052.0 38.2 37.8
3053.0 38.4 38.2
3054.0 38.8 38.2
3055.0 39.2 38.4
3056.0 39.2 38.8
3057.0 39.4 39.2
3058.0 39.8 39.2
3059.0 40.2 39.4
3060.0 40.2 39.8
3061.0 40.4 40.2
3062.0 40.8 40.2
3063.0 41.2 40.4
3064.0 41.2 40.8
3065.0 41.4 41.2
3066.0 41.8 41.2
3067.0 42.2 41.4
3068.0 42.2 41.8
3069.0 42.4 42.2
3070.0 42.8 42.2
3071.0 43.2 42.4
3072.0 43.2 42.8
3073.0 43.4 43.2
3074.0 43.8 43.2
3075.0 44.2 43.4
3076.0 44.2 43.8
3077.0 44.4 44.2
3078.0 44.8 44.2
3079.0 45.2 44.4
3080.0 45.2 44.8
3081.0 45.4 45.2
3082.0 45.8 45.2
3083.0 46.2 45.4
3084.0 46.2 45.8
3085.0 46.4 46.2
3086.0 46.8 46.2
3087.0 47.2 46.4
3088.0 47.2 46.8
3089.0 47.4 47.2
3108.0 2.2 1.8
3109.0 2.4 2.2
3110.0 2.8 2.2
3111.0 3.2 2.4
3112.0 3.2 2.8
3113.0 3.4 3.2
3114.0 3.8 3.2
3115.0 4.2 3.4
3116.0 4.2 3.8
3117.0 4.4 4.2
3118.0 4.8 4.2
3119.0 5.2 4.4
3120.0 5.2 4.8
3121.0 5.4 5.2
3122.0 5.8 5.2
3123.0 6.2 5.4
3124.0 6.2 5.8
3125.0 6.4 6.2
3126.0 6.8 6.2
3127.0 7.2 6.4
3128.0 7.2 6.8
3129.0 7.4 7.2
3130.0 7.8 7.2
3131.0 8.2 7.4
3132.0 8.2 7.8
3133.0 8.4 8.2
3134.0 8.8 8.2
3135.0 9.2 8.4
3136.0 9.2 8.8
3137.0 9.4 9.2
3138.0 9.8 9.2
3139.0 10.2 9.4
3140.0 10.2 9.8
3141.0 10.4 10.2
3142.0 10.8 10.2
3143.0 11.2 10.4
3144.0 11.2 10.8
3145.0 11.4 11.2
3146.0 11.8 11.2
3147.0 12.2 11.4
3148.0 12.2 11.8
3149.0 12.4 12.2
3150.0 12.8 12.2
3151.0 13.2 12.4
3152.0 13.2 12.8
3153.0 13.4 13.2
3154.0 13.8 13.2
3155.0 14.2 13.4
3156.0 14.2 13.8
3157.0 14.4 14.2
3158.0 14.8 14.2
3159.0 15.2 14.4
3160.0 15.2 14.8
3161.0 15.4 15.2
3162.0 15.8 15.2
3163.0 16.2 15.4
3164.0 16.2 15.8
3165.0 16.4 16.2
3166.0 16.8 16.2
3167.0 17.2 16.4
3168.0 17.2 16.8
3169.0 17.4 17.2
3170.0 17.8 17.2
3171.0 18.2 17.4
3172.0 18.2 17.8
3173.0 18.4 18.2
3174.0 18.8 18.2
3175.0 19.2 18.4
3176.0 19.2 18.8
3177.0 19.4 19.2
3178.0 19.8 19.2
3179.0 20.2 19.4
3180.0 20.2 19.8
3181.0 20.4 20.2
3182.0 20.8 20.2
3183.0 21.2 20.4
3184.0 21.2 20.8
3185.0 21.4 21.2
3186.0 21.8 21.2
3187.0 22.2 21.4
3188.0 22.2 21.8
3189.0 22.4 22.2
3190.0 22.8 22.2
3191.0 23.2 22.4
3192.0 23.2 22.8
3193.0 23.4 23.2
3194.0 23.8 23.2
3195.0 24.2 23.4
3196.0 24.2 23.8
3197.0 24.4 24.2
3198.0 24.8 24.2
3199.0 25.2 24.4
3200.0 25.2 24.8
3201.0 25.4 25.2
3202.0 25.8 25.2
3203.0 26.2 25.4
3204.0 26.2 25.8
3205.0 26.4 26.2
3206.0 26.8 26.2
3207.0 27.2 26.4
3208.0 27.2 26.8
3209.0 27.4 27.2
3210.0 27.8 27.2
3211.0 28.2 27.4
3212.0 28.2 27.8
3213.0 28.4 28.2
3214.0 28.8 28.2
3215.0 29.2 28.4
3216.0 29.2 28.8
3217.0 29.4 29.2
3218.0 29.8 29.2
3219.0 30.2 29.4
3220.0 30.2 29.8
3221.0 30.4 30.2
3222.0 30.8 30.2
3223.0 31.2 30.4
3224.0 31.2 30.8
3225.0 31.4 31.2
3226.0 31.8 31.2
3227.0 32.2 31.4
3228.0 32.2 31.8
3229.0 32.4 32.2
3230.0 32.8 32.2
3231.0 33.2 32.4
3232.0 33.2 32.8
3233.0 33.4 33.2
3234.0 33.8 33.2
3235.0 34.2 33.4
3236.0 34.2 33.8
3237.0 34.4 34.2
3238.0 34.8 34.2
3239.0 35.2 34.4
3240.0 35.2 34.8
3241.0 35.4 35.2
3242.0 35.8 35.2
3243.0 36.2 35.4
3244.0 36.2 35.8
3245.0 36.4 36.2
3246.0 36.8 36.2
3247.0 37.2 36.4
3248.0 37.2 36.8
3249.0 37.4 37.2
3250.0 37.8 37.2
3251.0 38.2 37.4
3252.0 38.2 37.8
3253.0 38.4 38.2
3254.0 38.8 38.2
3255.0 39.2 38.4
3256.0 39.2 38.8
3257.0 39.4 39.2
3258.0 39.8 39.2
3259.0 40.2 39.4
3260.0 40.2 39.8
3261.0 40.4 40.2
3262.0 40.8 40.2
3263.0 41.2 40.4
3264.0 41.2 40.8
3265.0 41.4 41.2
3266.0 41.8 41.2
3267.0 42.2 41.4
3268.0 42.2 41.8
3269.0 42.4 42.2
3270.0 42.8 42.2
3271.0 43.2 42.4
3272.0 43.2 42.8
3273.0 43.4 43.2
3274.0 43.8 43.2
3275.0 44.2 43.4
3276.0 44.2 43.8
3277.0 44.4 44.2
3278.0 44.8 44.2
3279.0 45.2 44.4
3280.0 45.2 44.8
3281.0 45.4 45.2
3282.0 45.8 45.2
3283.0 46.2 45.4
3284.0 46.2 45.8
3285.0 46.4 46.2
3286.0 46.8 46.2
3287.0 47.2 46.4
3288.0 47.2 46.8
3289.0 47.4 47.2
3308.0 2.2 1.8
3309.0 2.4 2.2
3310.0 2.8 2.2
3311.0 3.2 2.4
3312.0 3.2 2.8
3313.0 3.4 3.2
3314.0 3.8 3.2
3315.0 4.2 3.4
3316.0 4.2 3.8
3317.0 4.4 4.2
3318.0 4.8 4.2
3319.0 5.2 4.4
3320.0 5.2 4.8
3321.0 5.4 5.2
3322.0 5.8 5.2
3323.0 6.2 5.4
3324.0 6.2 5.8
3325.0 6.4 6.2
3326.0 6.8 6.2
3327.0 7.2 6.4
3328.0 7.2 6.8
3329.0 7.4 7.2
3330.0 7.8 7.2
3331.0 8.2 7.4
3332.0 8.2 7.8
3333.0 8.4 8.2
3334.0 8.8 8.2
3335.0 9.2 8.4
3336.0 9.2 8.8
3337.0 9.4 9.2
3338.0 9.8 9.2
3339.0 10.2 9.4
3340.0 10.2 9.8
3341.0 10.4 10.2
3342.0 10.8 10.2
3343.0 11.2 10.4
3344.0 11.2 10.8
3345.0 11.4 11.2
3346.0 11.8 11.2
3347.0 12.2 11.4
3348.0 12.2 11.8
3349.0 12.4 12.2
3350.0 12.8 12.2
3351.0 13.2 12.4
3352.0 13.2 12.8
3353.0 13.4 13.2
3354.0 13.8 13.2
3355.0 14.2 13.4
3356.0 14.2 13.8
3357.0 14.4 14.2
3358.0 14.8 14.2
3359.0 15.2 14.4
3360.0 15.2 14.8
3361.0 15.4 15.2
3362.0 15.8 15.2
3363.0 16.2 15.4
3364.0 16.2 15.8
3365.0 16.4 16.2
3366.0 16.8 16.2
3367.0 17.2 16.4
3368.0 17.2 16.8
3369.0 17.4 17.2
3370.0 17.8 17.2
3371.0 18.2 17.4
3372.0 18.2 17.8
3373.0 18.4 18.2
3374.0 18.8 18.2
3375.0 19.2 18.4
3376.0 19.2 18.8
3377.0 19.4 19.2
3378.0 19.8 19.2
3379.0 20.2 19.4
3380.0 20.2 19.8
3381.0 20.4 20.2
3382.0 20.8 20.2
3383.0 21.2 20.4
3384.0 21.2 20.8
3385.0 21.4 21.2
3386.0 21.8 21.2
3387.0 22.2 21.4
3388.0 22.2 21.8
3389.0 22.4 22.2
3390.0 22.8 22.2
3391.0 23.2 22.4
3392.0 23.2 22.8
3393.0 23.4 23.2
3394.0 23.8 23.2
3395.0 24.2 23.4
3396.0 24.2 23.8
3397.0 24.4 24.2
3398.0 24.8 24.2
3399.0 25.2 24.4
3400.0 25.2 24.8
3401.0 25.4 25.2
3402.0 25.8 25.2
3403.0 26.2 25.4
3404.0 26.2 25.8
3405.0 26.4 26.2
3406.0 26.8 26.2
3407.0 27.2 26.4
3408.0 27.2 26.8
3409.0 27.4 27.2
3410.0 27.8 27.2
3411.0 28.2 27.4
3412.0 28.2 27.8
3413.0 28.4 28.2
3414.0 28.8 28.2
3415.0 29.2 28.4
3416.0 29.2 28.8
3417.0 29.4 29.2
3418.0 29.8 29.2
3419.0 30.2 29.4
3420.0 30.2 29.8
3421.0 30.4 30.2
3422.0 30.8 30.2
3423.0 31.2 30.4
3424.0 31.2 30.8
3425.0 31.4 31.2
3426.0 31.8 31.2
3427.0 32.2 31.4
3428.0 32.2 31.8
3429.0 32.4 32.2
3430.0 32.8 32.2
3431.0 33.2 32.4
3432.0 33.2 32.8
3433.0 33.4 33.2
3434.0 33.8 33.2
3435.0 34.2 33.4
3436.0 34.2 33.8
3437.0 34.4 34.2
3438.0 34.8 34.2
3439.0 35.2 34.4
3440.0 35.2 34.8
3441.0 35.4 35.2
3442.0 35.8 35.2
3443.0 36.2 35.4
3444.0 36.2 35.8
3445.0 36.4 36.2
3446.0 36.8 36.2
3447.0 37.2 36.4
3448.0 37.2 36.8
3449.0 37.4 37.2
3450.0 37.8 37.2
3451.0 38.2 37.4
3452.0 38.2 37.8
3453.0 38.4 38.2
3454.0 38.8 38.2
3455.0 39.2 38.4
3456.0 39.2 38.8
3457.0 39.4 39.2
3458.0 39.8 39.2
3459.0 40.2 39.4
3460.0 40.2 39.8
3461.0 40.4 40.2
3462.0 40.8 40.2
3463.0 41.2 40.4
3464.0 41.2 40.8
3465.0 41.4 41.2
3466.0 41.8 41.2
3467.0 42.2 41.4
3468.0 42.2 41.8
3469.0 42.4 42.2
3470.0 42.8 42.2
3471.0 43.2 42.4
3472.0 43.2 42.8
3473.0 43.4 43.2
3474.0 43.8 43.2
3475.0 44.2 43.4
3476.0 44.2 43.8
3477.0 44.4 44.2
3478.0 44.8 44.2
3479.0 45.2 44.4
3480.0 45.2 44.8
3481.0 45.4 45.2
3482.0 45.8 45.2
3483.0 46.2 45.4
3484.0 46.2 45.8
3485.0 46.4 46.2
3486.0 46.8 46.2
3487.0 47.2 46.4
3488.0 47.2 46.8
3489.0 47.4 47.2
3508.0 2.2 1.8
3509.0 2.4 2.2
3510.0 2.8 2.2
3511.0 3.2 2.4
3512.0 3.2 2.8
3513.0 3.4 3.2
3514.0 3.8 3.2
3515.0 4.2 3.4
3516.0 4.2 3.8
3517.0 4.4 4.2
3518.0 4.8 4.2
3519.0 5.2 4.4
3520.0 5.2 4.8
3521.0 5.4 5.2
3522.0 5.8 5.2
3523.0 6.2 5.4
3524.0 6.2 5.8
3525.0 6.4 6.2
3526.0 6.8 6.2
3527.0 7.2 6.4
3528.0 7.2 6.8
3529.0 7.4 7.2
3530.0 7.8 7.2
3531.0 8.2 7.4
3532.0 8.2 7.8
3533.0 8.4 8.2
3534.0 8.8 8.2
3535.0 9.2 8.4
3536.0 9.2 8.8
3537.0 9.4 9.2
3538.0 9.8 9.2
3539.0 10.2 9.4
3540.0 10.2 9.8
3541.0 10.4 10.2
3542.0 10.8 10.2
3543.0 11.2 10.4
3544.0 11.2 10.8
3545.0 11.4 11.2
3546.0 11.8 11.2
3547.0 12.2 11.4
3548.0 12.2 11.8
3549.0 12.4 12.2
3550.0 12.8 12.2
3551.0 13.2 12.4
3552.0 13.2 12.8
3553.0 13.4 13.2
3554.0 13.8 13.2
3555.0 14.2 13.4
3556.0 14.2 13.8
3557.0 14.4 14.2
3558.0 14.8 14.2
3559.0 15.2 14.4
3560.0 15.2 14.8
3561.0 15.4 15.2
3562.0 15.8 15.2
3563.0 16.2 15.4
3564.0 16.2 15.8
3565.0 16.4 16.2
3566.0 16.8 16.2
3567.0 17.2 16.4
3568.0 17.2 16.8
3569.0 17.4 17.2
3570.0 17.8 17.2
3571.0 18.2 17.4
3572.0 18.2 17.8
3573.0 18.4 18.2
3574.0 18.8 18.2
3575.0 19.2 18.4
3576.0 19.2 18.8
3577.0 19.4 19.2
3578.0 19.8 19.2
3579.0 20.2 19.4
3580.0 20.2 19.8
3581.0 20.4 20.2
3582.0 20.8 20.2
3583.0 21.2 20.4
3584.0 21.2 20.8
3585.0 21.4 21.2
3586.0 21.8 21.2
3587.0 22.2 21.4
3588.0 22.2 21.8
3589.0 22.4 22.2
3590.0 22.8 22.2
3591.0 23.2 22.4
3592.0 23.2 22.8
3593.0 23.4 23.2
3594.0 23.8 23.2
3595.0 24.2 23.4
3596.0 24.2 23.8
3597.0 24.4 24.2
3598.0 24.8 24.2
3599.0 25.2 24.4
3600.0 25.2 24.8
3601.0 25.4 25.2
3602.0 25.8 25.2
3603.0 26.2 25.4
3604.0 26.2 25.8
3605.0 26.4 26.2
3606.0 26.8 26.2
3607.0 27.2 26.4
3608.0 27.2 26.8
3609.0 27.4 27.2
3610.0 27.8 27.2
3611.0 28.2 27.4
3612.0 28.2 27.8
3613.0 28.4 28.2
3614.0 28.8 28.2
3615.0 29.2 28.4
3616.0 29.2 28.8
3617.0 29.4 29.2
3618.0 29.8 29.2
3619.0 30.2 29.4
3620.0 30.2 29.8
3621.0 30.4 30.2
3622.0 30.8 30.2
3623.0 31.2 30.4
3624.0 31.2 30.8
3625.0 31.4 31.2
3626.0 31.8 31.2
3627.0 32.2 31.4
3628.0 32.2 31.8
3629.0 32.4 32.2
3630.0 32.8 32.2
3631.0 33.2 32.4
3632.0 33.2 32.8
3633.0 33.4 33.2
3634.0 33.8 33.2
3635.0 34.2 33.4
3636.0 34.2 33.8
3637.0 34.4 34.2
3638.0 34.8 34.2
3639.0 35.2 34.4
3640.0 35.2 34.8
3641.0 35.4 35.2
3642.0 35.8 35.2
3643.0 36.2 35.4
3644.0 36.2 35.8
3645.0 36.4 36.2
3646.0 36.8 36.2
3647.0 37.2 36.4
3648.0 37.2 36.8
3649.0 37.4 37.2
3650.0 37.8 37.2
3651.0 38.2 37.4
3652.0 38.2 37.8
3653.0 38.4 38.2
3654.0 38.8 38.2
3655.0 39.2 38.4
3656.0 39.2 38.8
3657.0 39.4 39.2
3658.0 39.8 39.2
3659.0 40.2 39.4
3660.0 40.2 39.8
3661.0 40.4 40.2
3662.0 40.8 40.2
3663.0 41.2 40.4
3664.0 41.2 40.8
3665.0 41.4 41.2
3666.0 41.8 41.2
3667.0 42.2 41.4
3668.0 42.2 41.8
3669.0 42.4 42.2
3670.0 42.8 42.2
3671.0 43.2 42.4
3672.0 43.2 42.8
3673.0 43.4 43.2
3674.0 43.8 43.2
3675.0 44.2 43.4
3676.0 44.2 43.8
3677.0 44.4 44.2
3678.0 44.8 44.2
3679.0 45.2 44.4
3680.0 45.2 44.8
3681.0 45.4 45.2
3682.0 45.8 45.2
3683.0 46.2 45.4
3684.0 46.2 45.8
3685.0 46.4 46.2
3686.0 46.8 46.2
3687.0 47.2 46.4
3688.0 47.2 46.8
3689.0 47.4 47.2
3708.0 2.2 1.8
3709.0 2.4 2.2
3710.0 2.8 2.2
3711.0 3.2 2.4
3712.0 3.2 2.8
3713.0 3.4 3.2
3714.0 3.8 3.2
3715.0 4.2 3.4
3716.0 4.2 3.8
3717.0 4.4 4.2
3718.0 4.8 4.2
3719.0 5.2 4.4
3720.0 5.2 4.8
3721.0 5.4 5.2
3722.0 5.8 5.2
3723.0 6.2 5.4
3724.0 6.2 5.8
3725.0 6.4 6.2
3726.0 6.8 6.2
3727.0 7.2 6.4
3728.0 7.2 6.8
3729.0 7.4 7.2
3730.0 7.8 7.2
3731.0 8.2 7.4
3732.0 8.2 7.8
3733.0 8.4 8.2
3734.0 8.8 8.2
3735.0 9.2 8.4
3736.0 9.2 8.8
3737.0 9.4 9.2
3738.0 9.8 9.2
3739.0 10.2 9.4
3740.0 10.2 9.8
3741.0 10.4 10.2
3742.0 10.8 10.2
3743.0 11.2 10.4
3744.0 11.2 10.8
3745.0 11.4 11.2
3746.0 11.8 11.2
3747.0 12.2 11.4
3748.0 12.2 11.8
3749.0 12.4 12.2
3750.0 12.8 12.2
3751.0 13.2 12.4
3752.0 13.2 12.8
3753.0 13.4 13.2
3754.0 13.8 13.2
3755.0 14.2 13.4
3756.0 14.2 13.8
3757.0 14.4 14.2
3758.0 14.8 14.2
3759.0 15.2 14.4
3760.0 15.2 14.8
3761.0 15.4 15.2
3762.0 15.8 15.2
3763.0 16.2 15.4
3764.0 16.2 15.8
3765.0 16.4 16.2
3766.0 16.8 16.2
3767.0 17.2 16.4
3768.0 17.2 16.8
3769.0 17.4 17.2
3770.0 17.8 17.2
3771.0 18.2 17.4
3772.0 18.2 17.8
3773.0 18.4 18.2
3774.0 18.8 18.2
3775.0 19.2 18.4
3776.0 19.2 18.8
3777.0 19.4 19.2
3778.0 19.8 19.2
3779.0 20.2 19.4
3780.0 20.2 19.8
3781.0 20.4 20.2
3782.0 20.8 20.2
3783.0 21.2 20.4
3784.0 21.2 20.8
3785.0 21.4 21.2
3786.0 21.8 21.2
3787.0 22.2 21.4
3788.0 22.2 21.8
3789.0 22.4 22.2
3790.0 22.8 22.2
3791.0 23.2 22.4
3792.0 23.2 22.8
3793.0 23.4 23.2
3794.0 23.8 23.2
3795.0 24.2 23.4
3796.0 24.2 23.8
3797.0 24.4 24.2
3798.0 24.8 24.2
3799.0 25.2 24.4
3800.0 25.2 24.8
3801.0 25.4 25.2
3802.0 25.8 25.2
3803.0 26.2 25.4
3804.0 26.2 25.8
3805.0 26.4 26.2
3806.0 26.8 26.2
3807.0 27.2 26.4
3808.0 27.2 26.8
3809.0 27.4 27.2
3810.0 27.8 27.2
3811.0 28.2 27.4
3812.0 28.2 27.8
3813.0 28.4 28.2
3814.0 28.8 28.2
3815.0 29.2 28.4
3816.0 29.2 28.8
3817.0 29.4 29.2
3818.0 29.8 29.2
3819.0 30.2 29.4
3820.0 30.2 29.8
3821.0 30.4 30.2
3822.0 30.8 30.2
3823.0 31.2 30.4
3824.0 31.2 30.8
3825.0 31.4 31.2
3826.0 31.8 31.2
3827.0 32.2 31.4
3828.0 32.2 31.8
3829.0 32.4 32.2
3830.0 32.8 32.2
3831.0 33.2 32.4
3832.0 33.2 32.8
3833.0 33.4 33.2
3834.0 33.8 33.2
3835.0 34.2 33.4
3836.0 34.2 33.8
3837.0 34.4 34.2
3838.0 34.8 34.2
3839.0 35.2 34.4
3840.0 35.2 34.8
3841.0 35.4 35.2
3842.0 35.8 35.2
3843.0 36.2 35.4
3844.0 36.2 35.8
3845.0 36.4 36.2
3846.0 36.8 36.2
3847.0 37.2 36.4
3848.0 37.2 36.8
3849.0 37.4 37.2
3850.0 37.8 37.2
3851.0 38.2 37.4
3852.0 38.2 37.8
3853.0 38.4 38.2
3854.0 38.8 38.2
3855.0 39.2 38.4
3856.0 39.2 38.8
3857.0 39.4 39.2
3858.0 39.8 39.2
3859.0 40.2 39.4
3860.0 40.2 39.8
3861.0 40.4 40.2
3862.0 40.8 40.2
3863.0 41.2 40.4
3864.0 41.2 40.8
3865.0 41.4 41.2
3866.0 41.8 41.2
3867.0 42.2 41.4
3868.0 42.2 41.8
3869.0 42.4 42.2
3870.0 42.8 42.2
3871.0 43.2 42.4
3872.0 43.2 42.8
3873.0 43.4 43.2
3874.0 43.8 43.2
3875.0 44.2 43.4
3876.0 44.2 43.8
3877.0 44.4 44.2
3878.0 44.8 44.2
3879.0 45.2 44.4
3880.0 45.2 44.8
3881.0 45.4 45.2
3882.0 45.8 45.2
3883.0 46.2 45.4
3884.0 46.2 45.8
3885.0 46.4 46.2
3886.0 46.8 46.2
3887.0 47.2 46.4
3888.0 47.2 46.8
3889.0 47.4 47.2
3908.0 2.2 1.8
3909.0 2.4 2.2
3910.0 2.8 2.2
3911.0 3.2 2.4
3912.0 3.2 2.8
3913.0 3.4 3.2
3914.0 3.8 3.2
3915.0 4.2 3.4
3916.0 4.2 3.8
3917.0 4.4 4.2
3918.0 4.8 4.2
3919.0 5.2 4.4
3920.0 5.2 4.8
3921.0 5.4 5.2
3922.0 5.8 5.2
3923.0 6.2 5.4
3924.0 6.2 5.8
3925.0 6.4 6.2
3926.0 6.8 6.2
3927.0 7.2 6.4
3928.0 7.2 6.8
3929.0 7.4 7.2
3930.0 7.8 7.2
3931.0 8.2 7.4
3932.0 8.2 7.8
3933.0 8.4 8.2
3934.0 8.8 8.2
3935.0 9.2 8.4
3936.0 9.2 8.8
3937.0 9.4 9.2
3938.0 9.8 9.2
3939.0 10.2 9.4
3940.0 10.2 9.8
3941.0 10.4 10.2
3942.0 10.8 10.2
3943.0 11.2 10.4
3944.0 11.2 10.8
3945.0 11.4 11.2
3946.0 11.8 11.2
3947.0 12.2 11.4
3948.0 12.2 11.8
3949.0 12.4 12.2
3950.0 12.8 12.2
3951.0 13.2 12.4
3952.0 13.2 12.8
3953.0 13.4 13.2
3954.0 13.8 13.2
3955.0 14.2 13.4
3956.0 14.2 13.8
3957.0 14.4 14.2
3958.0 14.8 14.2
3959.0 15.2 14.4
3960.0 15.2 14.8
3961.0 15.4 15.2
3962.0 15.8 15.2
3963.0 16.2 15.4
3964.0 16.2 15.8
3965.0 16.4 16.2
3966.0 16.8 16.2
3967.0 17.2 16.4
3968.0 17.2 16.8
3969.0 17.4 17.2
3970.0 17.8 17.2
3971.0 18.2 17.4
3972.0 18.2 17.8
3973.0 18.4 18.2
3974.0 18.8 18.2
3975.0 19.2 18.4
3976.0 19.2 18.8
3977.0 19.4 19.2
3978.0 19.8 19.2
3979.0 20.2 19.4
3980.0 20.2 19.8
3981.0 20.4 20.2
3982.0 20.8 20.2
3983.0 21.2 20.4
3984.0 21.2 20.8
3985.0 21.4 21.2
3986.0 21.8 21.2
3987.0 22.2 21.4
3988.0 22.2 21.8
3989.0 22.4 22.2
3990.0 22.8 22.2
3991.0 23.2 22.4
3992.0 23.2 22.8
3993.0 23.4 23.2
3994.0 23.8 23.2
3995.0 24.2 23.4
3996.0 24.2 23.8
3997.0 24.4 24.2
3998.0 24.8 24.2
3999.0 25.2 24.4
4000.0 25.2 24.8
4001.0 25.4 25.2
4002.0 25.8 25.2
4003.0 26.2 25.4
4004.0 26.2 25.8
4005.0 26.4 26.2
4006.0 26.8 26.2
4007.0 27.2 26.4
4008.0 27.2 26.8
4009.0 27.4 27.2
4010.0 27.8 27.2
4011.0 28.2 27.4
4012.0 28.2 27.8
4013.0 28.4 28.2
4014.0 28.8 28.2
4015.0 29.2 28.4
4016.0 29.2 28.8
4017.0 29.4 29.2
4018.0 29.8 29.2
4019.0 30.2 29.4
4020.0 30.2 29.8
4021.0 30.4 30.2
4022.0 30.8 30.2
4023.0 31.2 30.4
4024.0 31.2 30.8
4025.0 31.4 31.2
4026.0 31.8 31.2
4027.0 32.2 31.4
4028.0 32.2 31.8
4029.0 32.4 32.2
4030.0 32.8 32.2
4031.0 33.2 32.4
4032.0 33.2 32.8
4033.0 33.4 33.2
4034.0 33.8 33.2
4035.0 34.2 33.4
4036.0 34.2 33.8
4037.0 34.4 34.2
4038.0 34.8 34.2
4039.0 35.2 34.4
4040.0 35.2 34.8
4041.0 35.4 35.2
4042.0 35.8 35.2
4043.0 36.2 35.4
4044.0 36.2 35.8
4045.0 36.4 36.2
4046.0 36.8 36.2
4047.0 37.2 36.4
4048.0 37.2 36.8
4049.0 37.4 37.2
4050.0 37.8 37.2
4051.0 38.2 37.4
4052.0 38.2 37.8
4053.0 38.4 38.2
4054.0 38.8 38.2
4055.0 39.2 38.4
4056.0 39.2 38.8
4057.0 39.4 39.2
4058.0 39.8 39.2
4059.0 40.2 39.4
4060.0 40.2 39.8
4061.0 40.4 40.2
4062.0 40.8 40.2
4063.0 41.2 40.4
4064.0 41.2 40.8
4065.0 41.4 41.2
4066.0 41.8 41.2
4067.0 42.2 41.4
4068.0 42.2 41.8
4069.0 42.4 42.2
4070.0 42.8 42.2
4071.0 43.2 42.4
4072.0 43.2 42.8
4073.0 43.4 43.2
4074.0 43.8 43.2
4075.0 44.2 43.4
4076.0 44.2 43.8
4077.0 44.4 44.2
4078.0 44.8 44.2
4079.0 45.2 44.4
4080.0 45.2 44.8
4081.0 45.4 45.2
4082.0 45.8 45.2
4083.0 46.2 45.4
4084.0 46.2 45.8
4085.0 46.4 46.2
4086.0 46.8 46.2
4087.0 47.2 46.4
4088.0 47.2 46.8
4089.0 47.4 47.2
4108.0 2.2 1.8
4109.0 2.4 2.2
4110.0 2.8 2.2
4111.0 3.2 2.4
4112.0 3.2 2.8
4113.0 3.4 3.2
4114.0 3.8 3.2
4115.0 4.2 3.4
4116.0 4.2 3.8
4117.0 4.4 4.2
4118.0 4.8 4.2
4119.0 5.2 4.4
4120.0 5.2 4.8
4121.0 5.4 5.2
4122.0 5.8 5.2
4123.0 6.2 5.4
4124.0 6.2 5.8
4125.0 6.4 6.2
4126.0 6.8 6.2
4127.0 7.2 6.4
4128.0 7.2 6.8
4129.0 7.4 7.2
4130.0 7.8 7.2
4131.0 8.2 7.4
4132.0 8.2 7.8
4133.0 8.4 8.2
4134.0 8.8 8.2
4135.0 9.2 8.4
4136.0 9.2 8.8
4137.0 9.4 9.2
4138.0 9.8 9.2
4139.0 10.2 9.4
4140.0 10.2 9.8
4141.0 10.4 10.2
4142.0 10.8 10.2
4143.0 11.2 10.4
4144.0 11.2 10.8
4145.0 11.4 11.2
4146.0 11.8 11.2
4147.0 12.2 11.4
4148.0 12.2 11.8
4149.0 12.4 12.2
4150.0 12.8 12.2
4151.0 13.2 12.4
4152.0 13.2 12.8
4153.0 13.4 13.2
4154.0 13.8 13.2
4155.0 14.2 13.4
4156.0 14.2 13.8
4157.0 14.4 14.2
4158.0 14.8 14.2
4159.0 15.2 14.4
4160.0 15.2 14.8
4161.0 15.4 15.2
4162.0 15.8 15.2
4163.0 16.2 15.4
4164.0 16.2 15.8
4165.0 16.4 16.2
4166.0 16.8 16.2
4167.0 17.2 16.4
4168.0 17.2 16.8
4169.0 17.4 17.2
4170.0 17.8 17.2
4171.0 18.2 17.4
4172.0 18.2 17.8
4173.0 18.4 18.2
4174.0 18.8 18.2
4175.0 19.2 18.4
4176.0 19.2 18.8
4177.0 19.4 19.2
4178.0 19.8 19.2
4179.0 20.2 19.4
4180.0 20.2 19.8
4181.0 20.4 20.2
4182.0 20.8 20.2
4183.0 21.2 20.4
4184.0 21.2 20.8
4185.0 21.4 21.2
4186.0 21.8 21.2
4187.0 22.2 21.4
4188.0 22.2 21.8
4189.0 22.4 22.2
4190.0 22.8 22.2
4191.0 23.2 22.4
4192.0 23.2 22.8
4193.0 23.4 23.2
4194.0 23.8 23.2
4195.0 24.2 23.4
4196.0 24.2 23.8
4197.0 24.4 24.2
4198.0 24.8 24.2
4199.0 25.2 24.4
4200.0 25.2 24.8
4201.0 25.4 25.2
4202.0 25.8 25.2
4203.0 26.2 25.4
4204.0 26.2 25.8
4205.0 26.4 26.2
4206.0 26.8 26.2
4207.0 27.2 26.4
4208.0 27.2 26.8
4209.0 27.4 27.2
4210.0 27.8 27.2
4211.0 28.2 27.4
4212.0 28.2 27.8
4213.0 28.4 28.2
4214.0 28.8 28.2
4215.0 29.2 28.4
4216.0 29.2 28.8
4217.0 29.4 29.2
4218.0 29.8 29.2
4219.0 30.2 29.4
4220.0 30.2 29.8
4221.0 30.4 30.2
4222.0 30.8 30.2
4223.0 31.2 30.4
4224.0 31.2 30.8
4225.0 31.4 31.2
4226.0 31.8 31.2
4227.0 32.2 31.4
4228.0 32.2 31.8
4229.0 32.4 32.2
4230.0 32.8 32.2
4231.0 33.2 32.4
4232.0 33.2 32.8
4233.0 33.4 33.2
4234.0 33.8 33.2
4235.0 34.2 33.4
4236.0 34.2 33.8
4237.0 34.4 34.2
4238.0 34.8 34.2
4239.0 35.2 34.4
4240.0 35.2 34.8
4241.0 35.4 35.2
4242.0 35.8 35.2
4243.0 36.2 35.4
4244.0 36.2 35.8
4245.0 36.4 36.2
4246.0 36.8 36.2
4247.0 37.2 36.4
4248.0 37.2 36.8
4249.0 37.4 37.2
4250.0 37.8 37.2
4251.0 38.2 37.4
4252.0 38.2 37.8
4253.0 38.4 38.2
4254.0 38.8 38.2
4255.0 39.2 38.4
4256.0 39.2 38.8
4257.0 39.4 39.2
4258.0 39.8 39.2
4259.0 40.2 39.4
4260.0 40.2 39.8
4261.0 40.4 40.2
4262.0 40.8 40.2
4263.0 41.2 40.4
4264.0 41.2 40.8
4265.0 41.4 41.2
4266.0 41.8 41.2
4267.0 42.2 41.4
4268.0 42.2 41.8
4269.0 42.4 42.2
4270.0 42.8 42.2
4271.0 43.2 42.4
4272.0 43.2 42.8
4273.0 43.4 43.2
4274.0 43.8 43.2
4275.0 44.2 43.4
4276.0 44.2 43.8
4277.0 44.4 44.2
4278.0 44.8 44.2
4279.0 45.2 44.4
4280.0 45.2 44.8
4281.0 45.4 45.2
4282.0 45.8 45.2
4283.0 46.2 45.4
4284.0 46.2 45.8
4285.0 46.4 46.2
4286.0 46.8 46.2
4287.0 47.2 46.4
4288.0 47.2 46.8
4289.0 47.4 47.2
4308.0 2.2 1.8
4309.0 2.4 2.2
4310.0 2.8 2.2
4311.0 3.2 2.4
4312.0 3.2 2.8
4313.0 3.4 3.2
4314.0 3.8 3.2
4315.0 4.2 3.4
4316.0 4.2 3.8
4317.0 4.4 4.2
4318.0 4.8 4.2
4319.0 5.2 4.4
4320.0 5.2 4.8
4321.0 5.4 5.2
4322.0 5.8 5.2
4323.0 6.2 5.4
4324.0 6.2 5.8
4325.0 6.4 6.2
4326.0 6.8 6.2
4327.0 7.2 6.4
4328.0 7.2 6.8
4329.0 7.4 7.2
4330.0 7.8 7.2
4331.0 8.2 7.4
4332.0 8.2 7.8
4333.0 8.4 8.2
4334.0 8.8 8.2
4335.0 9.2 8.4
4336.0 9.2 8.8
4337.0 9.4 9.2
4338.0 9.8 9.2
4339.0 10.2 9.4
4340.0 10.2 9.8
4341.0 10.4 10.2
4342.0 10.8 10.2
4343.0 11.2 10.4
4344.0 11.2 10.8
4345.0 11.4 11.2
4346.0 11.8 11.2
4347.0 12.2 11.4
4348.0 12.2 11.8
4349.0 12.4 12.2
4350.0 12.8 12.2
4351.0 13.2 12.4
4352.0 13.2 12.8
4353.0 13.4 13.2
4354.0 13.8 13.2
4355.0 14.2 13.4
4356.0 14.2 13.8
4357.0 14.4 14.2
4358.0 14.8 14.2
4359.0 15.2 14.4
4360.0 15.2 14.8
4361.0 15.4 15.2
4362.0 15.8 15.2
4363.0 16.2 15.4
4364.0 16.2 15.8
4365.0 16.4 16.2
4366.0 16.8 16.2
4367.0 17.2 16.4
4368.0 17.2 16.8
4369.0 17.4 17.2
4370.0 17.8 17.2
4371.0 18.2 17.4
4372.0 18.2 17.8
4373.0 18.4 18.2
4374.0 18.8 18.2
4375.0 19.2 18.4
4376.0 19.2 18.8
4377.0 19.4 19.2
4378.0 19.8 19.2
4379.0 20.2 19.4
4380.0 20.2 19.8
4381.0 20.4 20.2
4382.0 20.8 20.2
4383.0 21.2 20.4
4384.0 21.2 20.8
4385.0 21.4 21.2
4386.0 21.8 21.2
4387.0 22.2 21.4
4388.0 22.2 21.8
4389.0 22.4 22.2
4390.0 22.8 22.2
4391.0 23.2 22.4
4392.0 23.2 22.8
4393.0 23.4 23.2
4394.0 23.8 23.2
4395.0 24.2 23.4
4396.0 24.2 23.8
4397.0 24.4 24.2
4398.0 24.8 24.2
4399.0 25.2 24.4
4400.0 25.2 24.8
4401.0 25.4 25.2
4402.0 25.8 25.2
4403.0 26.2 25.4
4404.0 26.2 25.8
4405.0 26.4 26.2
4406.0 26.8 26.2
4407.0 27.2 26.4
4408.0 27.2 26.8
4409.0 27.4 27.2
4410.0 27.8 27.2
4411.0 28.2 27.4
4412.0 28.2 27.8
4413.0 28.4 28.2
4414.0 28.8 28.2
4415.0 29.2 28.4
4416.0 29.2 28.8
4417.0 29.4 29.2
4418.0 29.8 29.2
4419.0 30.2 29.4
4420.0 30.2 29.8
4421.0 30.4 30.2
4422.0 30.8 30.2
4423.0 31.2 30.4
4424.0 31.2 30.8
4425.0 31.4 31.2
4426.0 31.8 31.2
4427.0 32.2 31.4
4428.0 32.2 31.8
4429.0 32.4 32.2
4430.0 32.8 32.2
4431.0 33.2 32.4
4432.0 33.2 32.8
4433.0 33.4 33.2
4434.0 33.8 33.2
4435.0 34.2 33.4
4436.0 34.2 33.8
4437.0 34.4 34.2
4438.0 34.8 34.2
4439.0 35.2 34.4
4440.0 35.2 34.8
4441.0 35.4 35.2
4442.0 35.8 35.2
4443.0 36.2 35.4
4444.0 36.2 35.8
4445.0 36.4 36.2
4446.0 36.8 36.2
4447.0 37.2 36.4
4448.0 37.2 36.8
4449.0 37.4 37.2
4450.0 37.8 37.2
4451.0 38.2 37.4
4452.0 38.2 37.8
4453.0 38.4 38.2
4454.0 38.8 38.2
4455.0 39.2 38.4
4456.0 39.2 38.8
4457.0 39.4 39.2
4458.0 39.8 39.2
4459.0 40.2 39.4
4460.0 40.2 39.8
4461.0 40.4 40.2
4462.0 40.8 40.2
4463.0 41.2 40.4
4464.0 41.2 40.8
4465.0 41.4 41.2
4466.0 41.8 41.2
4467.0 42.2 41.4
4468.0 42.2 41.8
4469.0 42.4 42.2
4470.0 42.8 42.2
4471.0 43.2 42.4
4472.0 43.2 42.8
4473.0 43.4 43.2
4474.0 43.8 43.2
4475.0 44.2 43.4
4476.0 44.2 43.8
4477.0 44.4 44.2
4478.0 44.8 44.2
4479.0 45.2 44.4
4480.0 45.2 44.8
4481.0 45.4 45.2
4482.0 45.8 45.2
4483.0 46.2 45.4
4484.0 46.2 45.8
4485.0 46.4 46.2
4486.0 46.8 46.2
4487.0 47.2 46.4
4488.0 47.2 46.8
4489.0 47.4 47.2
4508.0 2.2 1.8
4509.0 2.4 2.2
4510.0 2.8 2.2
4511.0 3.2 2.4
4512.0 3.2 2.8
4513.0 3.4 3.2
4514.0 3.8 3.2
4515.0 4.2 3.4
4516.0 4.2 3.8
4517.0 4.4 4.2
4518.0 4.8 4.2
4519.0 5.2 4.4
4520.0 5.2 4.8
4521.0 5.4 5.2
4522.0 5.8 5.2
4523.0 6.2 5.4
4524.0 6.2 5.8
4525.0 6.4 6.2
4526.0 6.8 6.2
4527.0 7.2 6.4
4528.0 7.2 6.8
4529.0 7.4 7.2
4530.0 7.8 7.2
4531.0 8.2 7.4
4532.0 8.2 7.8
4533.0 8.4 8.2
4534.0 8.8 8.2
4535.0 9.2 8.4
4536.0 9.2 8.8
4537.0 9.4 9.2
4538.0 9.8 9.2
4539.0 10.2 9.4
4540.0 10.2 9.8
4541.0 10.4 10.2
4542.0 10.8 10.2
4543.0 11.2 10.4
4544.0 11.2 10.8
4545.0 11.4 11.2
4546.0 11.8 11.2
4547.0 12.2 11.4
4548.0 12.2 11.8
4549.0 12.4 12.2
4550.0 12.8 12.2
4551.0 13.2 12.4
4552.0 13.2 12.8
4553.0 13.4 13.2
4554.0 13.8 13.2
4555.0 14.2 13.4
4556.0 14.2 13.8
4557.0 14.4 14.2
4558.0 14.8 14.2
4559.0 15.2 14.4
4560.0 15.2 14.8
4561.0 15.4 15.2
4562.0 15.8 15.2
4563.0 16.2 15.4
4564.0 16.2 15.8
4565.0 16.4 16.2
4566.0 16.8 16.2
4567.0 17.2 16.4
4568.0 17.2 16.8
4569.0 17.4 17.2
4570.0 17.8 17.2
4571.0 18.2 17.4
4572.0 18.2 17.8
4573.0 18.4 18.2
4574.0 18.8 18.2
4575.0 19.2 18.4
4576.0 19.2 18.8
4577.0 19.4 19.2
4578.0 19.8 19.2
4579.0 20.2 19.4
4580.0 20.2 19.8
4581.0 20.4 20.2
4582.0 20.8 20.2
4583.0 21.2 20.4
4584.0 21.2 20.8
4585.0 21.4 21.2
4586.0 21.8 21.2
4587.0 22.2 21.4
4588.0 22.2 21.8
4589.0 22.4 22.2
4590.0 22.8 22.2
4591.0 23.2 22.4
4592.0 23.2 22.8
4593.0 23.4 23.2
4594.0 23.8 23.2
4595.0 24.2 23.4
4596.0 24.2 23.8
4597.0 24.4 24.2
4598.0 24.8 24.2
4599.0 25.2 24.4
4600.0 25.2 24.8
4601.0 25.4 25.2
4602.0 25.8 25.2
4603.0 26.2 25.4
4604.0 26.2 25.8
4605.0 26.4 26.2
4606.0 26.8 26.2
4607.0 27.2 26.4
4608.0 27.2 26.8
4609.0 27.4 27.2
4610.0 27.8 27.2
4611.0 28.2 27.4
4612.0 28.2 27.8
4613.0 28.4 28.2
4614.0 28.8 28.2
4615.0 29.2 28.4
4616.0 29.2 28.8
4617.0 29.4 29.2
4618.0 29.8 29.2
4619.0 30.2 29.4
4620.0 30.2 29.8
4621.0 30.4 30.2
4622.0 30.8 30.2
4623.0 31.2 30.4
4624.0 31.2 30.8
4625.0 31.4 31.2
4626.0 31.8 31.2
4627.0 32.2 31.4
4628.0 32.2 31.8
4629.0 32.4 32.2
4630.0 32.8 32.2
4631.0 33.2 32.4
4632.0 33.2 32.8
4633.0 33.4 33.2
4634.0 33.8 33.2
4635.0 34.2 33.4
4636.0 34.2 33.8
4637.0 34.4 34.2
4638.0 34.8 34.2
4639.0 35.2 34.4
4640.0 35.2 34.8
4641.0 35.4 35.2
4642.0 35.8 35.2
4643.0 36.2 35.4
4644.0 36.2 35.8
4645.0 36.4 36.2
4646.0 36.8 36.2
4647.0 37.2 36.4
4648.0 37.2 36.8
4649.0 37.4 37.2
4650.0 37.8 37.2
4651.0 38.2 37.4
4652.0 38.2 37.8
4653.0 38.4 38.2
4654.0 38.8 38.2
4655.0 39.2 38.4
4656.0 39.2 38.8
4657.0 39.4 39.2
4658.0 39.8 39.2
4659.0 40.2 39.4
4660.0 40.2 39.8
4661.0 40.4 40.2
4662.0 40.8 40.2
4663.0 41.2 40.4
4664.0 41.2 40.8
4665.0 41.4 41.2
4666.0 41.8 41.2
4667.0 42.2 41.4
4668.0 42.2 41.8
4669.0 42.4 42.2
4670.0 42.8 42.2
4671.0 43.2 42.4
4672.0 43.2 42.8
4673.0 43.4 43.2
4674.0 43.8 43.2
4675.0 44.2 43.4
4676.0 44.2 43.8
4677.0 44.4 44.2
4678.0 44.8 44.2
4679.0 45.2 44.4
4680.0 45.2 44.8
4681.0 45.4 45.2
4682.0 45.8 45.2
4683.0 46.2 45.4
4684.0 46.2 45.8
4685.0 46.4 46.2
4686.0 46.8 46.2
4687.0 47.2 46.4
4688.0 47.2 46.8
4689.0 47.4 47.2
4708.0 2.2 1.8
4709.0 2.4 2.2
4710.0 2.8 2.2
4711.0 3.2 2.4
4712.0 3.2 2.8
4713.0 3.4 3.2
4714.0 3.8 3.2
4715.0 4.2 3.4
4716.0 4.2 3.8
4717.0 4.4 4.2
4718.0 4.8 4.2
4719.0 5.2 4.4
4720.0 5.2 4.8
4721.0 5.4 5.2
4722.0 5.8 5.2
4723.0 6.2 5.4
4724.0 6.2 5.8
4725.0 6.4 6.2
4726.0 6.8 6.2
4727.0 7.2 6.4
4728.0 7.2 6.8
4729.0 7.4 7.2
4730.0 7.8 7.2
4731.0 8.2 7.4
4732.0 8.2 7.8
4733.0 8.4 8.2
4734.0 8.8 8.2
4735.0 9.2 8.4
4736.0 9.2 8.8
4737.0 9.4 9.2
4738.0 9.8 9.2
4739.0 10.2 9.4
4740.0 10.2 9.8
4741.0 10.4 10.2
4742.0 10.8 10.2
4743.0 11.2 10.4
4744.0 11.2 10.8
4745.0 11.4 11.2
4746.0 11.8 11.2
4747.0 12.2 11.4
4748.0 12.2 11.8
4749.0 12.4 12.2
4750.0 12.8 12.2
4751.0 13.2 12.4
4752.0 13.2 12.8
4753.0 13.4 13.2
4754.0 13.8 13.2
4755.0 14.2 13.4
4756.0 14.2 13.8
4757.0 14.4 14.2
4758.0 14.8 14.2
4759.0 15.2 14.4
4760.0 15.2 14.8
4761.0 15.4 15.2
4762.0 15.8 15.2
4763.0 16.2 15.4
4764.0 16.2 15.8
4765.0 16.4 16.2
4766.0 16.8 16.2
4767.0 17.2 16.4
4768.0 17.2 16.8
4769.0 17.4 17.2
4770.0 17.8 17.2
4771.0 18.2 17.4
4772.0 18.2 17.8
4773.0 18.4 18.2
4774.0 18.8 18.2
4775.0 19.2 18.4
4776.0 19.2 18.8
4777.0 19.4 19.2
4778.0 19.8 19.2
4779.0 20.2 19.4
4780.0 20.2 19.8
4781.0 20.4 20.2
4782.0 20.8 20.2
4783.0 21.2 20.4
4784.0 21.2 20.8
4785.0 21.4 21.2
4786.0 21.8 21.2
4787.0 22.2 21.4
4788.0 22.2 21.8
4789.0 22.4 22.2
4790.0 22.8 22.2
4791.0 23.2 22.4
4792.0 23.2 22.8
4793.0 23.4 23.2
4794.0 23.8 23.2
4795.0 24.2 23.4
4796.0 24.2 23.8
4797.0 24.4 24.2
4798.0 24.8 24.2
4799.0 25.2 24.4
4800.0 25.2 24.8
4801.0 25.4 25.2
4802.0 25.8 25.2
4803.0 26.2 25.4
4804.0 26.2 25.8
4805.0 26.4 26.2
4806.0 26.8 26.2
4807.0 27.2 26.4
4808.0 27.2 26.8
4809.0 27.4 27.2
4810.0 27.8 27.2
4811.0 28.2 27.4
4812.0 28.2 27.8
4813.0 28.4 28.2
4814.0 28.8 28.2
4815.0 29.2 28.4
4816.0 29.2 28.8
4817.0 29.4 29.2
4818.0 29.8 29.2
4819.0 30.2 29.4
4820.0 30.2 29.8
4821.0 30.4 30.2
4822.0 30.8 30.2
4823.0 31.2 30.4
4824.0 31.2 30.8
4825.0 31.4 31.2
4826.0 31.8 31.2
4827.0 32.2 31.4
4828.0 32.2 31.8
4829.0 32.4 32.2
4830.0 32.8 32.2
4831.0 33.2 32.4
4832.0 33.2 32.8
4833.0 33.4 33.2
4834.0 33.8 33.2
4835.0 34.2 33.4
4836.0 34.2 33.8
4837.0 34.4 34.2
4838.0 34.8 34.2
4839.0 35.2 34.4
4840.0 35.2 34.8
4841.0 35.4 35.2
4842.0 35.8 35.2
4843.0 36.2 35.4
4844.0 36.2 35.8
4845.0 36.4 36.2
4846.0 36.8 36.2
4847.0 37.2 36.4
4848.0 37.2 36.8
4849.0 37.4 37.2
4850.0 37.8 37.2
4851.0 38.2 37.4
4852.0 38.2 37.8
4853.0 38.4 38.2
4854.0 38.8 38.2
4855.0 39.2 38.4
4856.0 39.2 38.8
4857.0 39.4 39.2
4858.0 39.8 39.2
4859.0 40.2 39.4
4860.0 40.2 39.8
4861.0 40.4 40.2
4862.0 40.8 40.2
4863.0 41.2 40.4
4864.0 41.2 40.8
4865.0 41.4 41.2
4866.0 41.8 41.2
4867.0 42.2 41.4
4868.0 42.2 41.8
4869.0 42.4 42.2
4870.0 42.8 42.2
4871.0 43.2 42.4
4872.0 43.2 42.8
4873.0 43.4 43.2
4874.0 43.8 43.2
4875.0 44.2 43.4
4876.0 44.2 43.8
4877.0 44.4 44.2
4878.0 44.8 44.2
4879.0 45.2 44.4
4880.0 45.2 44.8
4881.0 45.4 45.2
4882.0 45.8 45.2
4883.0 46.2 45.4
4884.0 46.2 45.8
4885.0 46.4 46.2
4886.0 46.8 46.2
4887.0 47.2 46.4
4888.0 47.2 46.8
4889.0 47.4 47.2
4908.0 2.2 1.8
4909.0 2.4 2.2
4910.0 2.8 2.2
4911.0 3.2 2.4
4912.0 3.2 2.8
4913.0 3.4 3.2
4914.0 3.8 3.2
4915.0 4.2 3.4
4916.0 4.2 3.8
4917.0 4.4 4.2
4918.0 4.8 4.2
4919.0 5.2 4.4
4920.0 5.2 4.8
4921.0 5.4 5.2
4922.0 5.8 5.2
4923.0 6.2 5.4
4924.0 6.2 5.8
4925.0 6.4 6.2
4926.0 6.8 6.2
4927.0 7.2 6.4
4928.0 7.2 6.8
4929.0 7.4 7.2
4930.0 7.8 7.2
4931.0 8.2 7.4
4932.0 8.2 7.8
4933.0 8.4 8.2
4934.0 8.8 8.2
4935.0 9.2 8.4
4936.0 9.2 8.8
4937.0 9.4 9.2
4938.0 9.8 9.2
4939.0 10.2 9.4
4940.0 10.2 9.8
4941.0 10.4 10.2
4942.0 10.8 10.2
4943.0 11.2 10.4
4944.0 11.2 10.8
4945.0 11.4 11.2
4946.0 11.8 11.2
4947.0 12.2 11.4
4948.0 12.2 11.8
4949.0 12.4 12.2
4950.0 12.8 12.2
4951.0 13.2 12.4
4952.0 13.2 12.8
4953.0 13.4 13.2
4954.0 13.8 13.2
4955.0 14.2 13.4
4956.0 14.2 13.8
4957.0 14.4 14.2
4958.0 14.8 14.2
4959.0 15.2 14.4
4960.0 15.2 14.8
4961.0 15.4 15.2
4962.0 15.8 15.2
4963.0 16.2 15.4
4964.0 16.2 15.8
4965.0 16.4 16.2
4966.0 16.8 16.2
4967.0 17.2 16.4
4968.0 17.2 16.8
4969.0 17.4 17.2
4970.0 17.8 17.2
4971.0 18.2 17.4
4972.0 18.2 17.8
4973.0 18.4 18.2
4974.0 18.8 18.2
4975.0 19.2 18.4
4976.0 19.2 18.8
4977.0 19.4 19.2
4978.0 19.8 19.2
4979.0 20.2 19.4
4980.0 20.2 19.8
4981.0 20.4 20.2
4982.0 20.8 20.2
4983.0 21.2 20.4
4984.0 21.2 20.8
4985.0 21.4 21.2
4986.0 21.8 21.2
4987.0 22.2 21.4
4988.0 22.2 21.8
4989.0 22.4 22.2
4990.0 22.8 22.2
4991.0 23.2 22.4
4992.0 23.2 22.8
4993.0 23.4 23.2
4994.0 23.8 23.2
4995.0 24.2 23.4
4996.0 24.2 23.8
4997.0 24.4 24.2
4998.0 24.8 24.2
4999.0 25.2 24.4
