159
582
371
524
201
493
425
769
854
636
404
794
564
1800
809
887
774
336
501
1946
1759
437
1541
388
723
482
558
629
613
263
951
1090
325
1465
629
241
605
797
526
400
2009
904
226
211
1031
1856
1237
486
853
1113
778
608
305
406
758
469
1505
1092
230
839
1533
757
1471
354
541
453
539
1077
130
1229
3799
244
434
356
665
450
401
672
684
1338
592
477
1320
1198
2484
993
884
1020
498
1372
1045
655
462
690
443
609
701
2606
440
985
465
197
355
317
1195
2186
589
584
2695
875
783
280
253
399
372
1549
691
266
1574
1100
1182
438
3098
1035
1171
345
779
829
865
788
1388
506
597
270
345
262
1667
422
2001
263
1165
286
2487
190
427
2375
1800
1043
462
654
296
647
290
906
1062
551
819
600
1410
2068
622
884
524
440
247
667
298
823
252
780
515
372
3773
430
1454
1904
1004
478
3002
710
1884
530
1064
955
720
1471
1634
1742
2064
2596
206
2248
3215
1441
2551
2064
999
688
180
986
640
790
1335
1920
472
2244
135
990
477
1211
331
536
1488
471
1086
3272
500
294
920
1187
2066
531
361
602
986
269
1238
202
1390
652
211
337
1238
555
2071
920
1057
611
485
535
540
682
199
619
528
602
240
137
1139
428
365
399
219
806
796
1328
966
2298
1321
1095
578
570
554
1416
1561
337
322
370
557
1599
521
1355
1291
313
1939
2071
284
527
204
408
700
1747
738
500
632
497
652
306
835
311
325
2627
771
1301
873
388
2753
387
591
2484
460
581
1603
368
261
252
432
451
363
212
325
252
287
356
424
98
298
583
554
692
1862
201
328
418
782
972
1148
727
893
1494
804
1275
824
467
953
321
356
423
281
560
303
558
332
286
238
1229
152
651
661
238
1150
1202
558
652
1935
278
404
1321
1289
289
583
667
672
167
2020
1576
1449
341
392
726
831
335
969
396
735
484
647
373
555
360
1771
458
433
620
595
629
788
400
727
400
788
309
189
268
1718
431
386
686
351
708
444
705
511
630
869
363
993
404
647
782
299
494
1720
1654
992
1896
267
992
3124
491
583
2060
465
257
1428
494
523
947
311
1040
1032
708
1403
260
232
348
2373
1310
597
272
802
288
465
333
480
374
648
4510
718
902
234
434
1109
677
669
790
1238
214
199
618
591
434
1774
3122
408
616
672
703
503
396
1110
782
989
432
2120
533
436
806
233
266
368
1825
441
685
435
496
475
427
1889
591
350
411
363
422
495
814
511
2368
826
1104
327
