Steps Infectivity
1 0.005
2 0.0049
3 0.0049
4 0.0051
5 0.0052
6 0.0054
7 0.0051
8 0.0052
9 0.0053
10 0.0057
11 0.0056
12 0.0063
13 0.0065
14 0.0066
15 0.007
16 0.0072
17 0.0077
18 0.0074
19 0.0075
20 0.0073
21 0.0074
22 0.0073
23 0.0078
24 0.0076
25 0.0071
26 0.0072
27 0.0072
28 0.0077
29 0.0079
30 0.008
31 0.008
32 0.0084
33 0.0083
34 0.0076
35 0.0086
36 0.0091
37 0.009
38 0.0089
39 0.0092
40 0.0092
41 0.0095
42 0.0099
43 0.01
44 0.0107
45 0.0115
46 0.0129
47 0.0139
48 0.0134
49 0.0141
50 0.0146
51 0.0154
52 0.0176
53 0.0185
54 0.0187
55 0.0205
56 0.0228
57 0.0248
58 0.0261
59 0.0264
60 0.0272
61 0.0283
62 0.03
63 0.0311
64 0.0353
65 0.0357
66 0.036
67 0.0388
68 0.0408
69 0.0431
70 0.0456
71 0.048
72 0.0501
73 0.0521
74 0.0535
75 0.0555
76 0.0571
77 0.0586
78 0.0611
79 0.0632
80 0.0644
81 0.0669
82 0.0688
83 0.0729
84 0.0756
85 0.0807
86 0.0837
87 0.0837
88 0.0869
89 0.0864
90 0.0861
91 0.0876
92 0.0879
93 0.0894
94 0.0918
95 0.094
96 0.0959
97 0.0994
98 0.1028
99 0.1064
100 0.1075
101 0.1119
102 0.1161
103 0.1217
104 0.1246
105 0.1295
106 0.1292
107 0.1282
108 0.1297
109 0.1318
110 0.1331
111 0.1369
112 0.1359
113 0.1369
114 0.1389
115 0.1405
116 0.1424
117 0.1435
118 0.1476
119 0.146
120 0.1441
121 0.1458
122 0.1453
123 0.1435
124 0.1404
125 0.1388
126 0.136
127 0.1316
128 0.1325
129 0.1316
130 0.1271
131 0.1251
132 0.1212
133 0.119
134 0.1169
135 0.1115
136 0.1075
137 0.1017
138 0.0973
139 0.0923
140 0.0864
141 0.08
142 0.0754
143 0.0704
144 0.0656
145 0.061
146 0.0555
147 0.0534
148 0.0508
149 0.0472
150 0.0451
151 0.0423
152 0.0413
153 0.0377
154 0.0346
155 0.0331
156 0.0326
157 0.032
158 0.0308
159 0.0308
160 0.0286
161 0.0284
162 0.028
163 0.0278
164 0.028
165 0.0277
166 0.0266
167 0.0264
168 0.0257
169 0.0253
170 0.0254
171 0.0241
172 0.024
173 0.0236
174 0.0235
175 0.0221
176 0.021
177 0.0191
178 0.0189
179 0.0192
180 0.0195
181 0.0199
182 0.0196
183 0.0205
184 0.0209
185 0.022
186 0.023
187 0.0239
188 0.0223
189 0.0217
190 0.0206
191 0.0194
192 0.0197
193 0.0195
194 0.021
195 0.021
196 0.0211
197 0.0219
198 0.0207
199 0.0206
200 0.0201
201 0.0202
202 0.0206
203 0.0209
204 0.0219
205 0.0224
206 0.0221
207 0.0221
208 0.023
209 0.0233
210 0.0239
211 0.0247
212 0.0256
213 0.0263
214 0.0261
215 0.026
216 0.0241
217 0.0231
218 0.0223
219 0.022
220 0.0209
221 0.0225
222 0.0216
223 0.0224
224 0.0224
225 0.0212
226 0.0228
227 0.0234
228 0.0231
229 0.0223
230 0.0224
231 0.0218
232 0.023
233 0.0227
234 0.0223
235 0.0229
236 0.0229
237 0.0233
238 0.0242
239 0.0266
240 0.0267
241 0.0274
242 0.0271
243 0.027
244 0.027
245 0.0274
246 0.0287
247 0.0286
248 0.0303
249 0.0295
250 0.0302
251 0.0311
252 0.0316
253 0.031
254 0.033
255 0.0344
256 0.037
257 0.0362
258 0.0384
259 0.0407
260 0.0436
261 0.0464
262 0.0481
263 0.051
264 0.054
265 0.0574
266 0.0602
267 0.06
268 0.0623
269 0.0674
270 0.0702
271 0.0703
272 0.0739
273 0.0769
274 0.0803
275 0.0841
276 0.0877
277 0.0878
278 0.0899
279 0.0898
280 0.0881
281 0.0896
282 0.0904
283 0.093
284 0.0955
285 0.0942
286 0.0969
287 0.0976
288 0.0985
289 0.0996
290 0.0986
291 0.1013
292 0.1044
293 0.1068
294 0.1094
295 0.114
296 0.1164
297 0.1195
298 0.1211
299 0.1239
300 0.1249
301 0.1241
302 0.1223
303 0.1211
304 0.1216
305 0.1194
306 0.1189
307 0.1173
308 0.1157
309 0.1151
310 0.1134
311 0.1115
312 0.1104
313 0.1123
314 0.1131
315 0.111
316 0.1064
317 0.104
318 0.1026
319 0.0966
320 0.0919
321 0.0907
322 0.0854
323 0.0843
324 0.084
325 0.0803
326 0.0778
327 0.0727
328 0.0706
329 0.0675
330 0.0647
331 0.0619
332 0.0567
333 0.0548
334 0.0535
335 0.0514
336 0.0498
337 0.0487
338 0.0461
339 0.0439
340 0.0427
341 0.042
342 0.0399
343 0.0388
344 0.0378
345 0.0366
346 0.0351
347 0.0337
348 0.032
349 0.0303
350 0.0294
351 0.0284
352 0.0272
353 0.0259
354 0.0251
355 0.0243
356 0.023
357 0.0227
358 0.0219
359 0.0211
360 0.0205
361 0.0195
362 0.019
363 0.0186
364 0.0184
365 0.0175
366 0.018
367 0.0176
368 0.0171
369 0.0163
370 0.0164
371 0.0152
372 0.0141
373 0.0145
374 0.0145
375 0.014
376 0.0152
377 0.0152
378 0.0157
379 0.0157
380 0.016
381 0.0163
382 0.0167
383 0.0173
384 0.0177
385 0.0187
386 0.0195
387 0.02
388 0.019
389 0.0196
390 0.0193
391 0.0186
392 0.0192
393 0.0184
394 0.0192
395 0.0188
396 0.0189
397 0.0179
398 0.0176
399 0.0185
400 0.0197
401 0.0196
402 0.0213
403 0.0231
404 0.0227
405 0.0225
406 0.0234
407 0.0246
408 0.0252
409 0.0263
410 0.0271
411 0.0277
412 0.0279
413 0.028
414 0.0295
415 0.0308
416 0.0316
417 0.0323
418 0.033
419 0.0321
420 0.0326
421 0.0343
422 0.0359
423 0.0382
424 0.0387
425 0.0407
426 0.0415
427 0.0428
428 0.0439
429 0.0448
430 0.0458
431 0.0476
432 0.0498
433 0.0516
434 0.0514
435 0.0513
436 0.0528
437 0.0544
438 0.0554
439 0.0553
440 0.0558
441 0.0569
442 0.0573
443 0.0575
444 0.0578
445 0.0592
446 0.0594
447 0.0612
448 0.0638
449 0.0658
450 0.0659
451 0.0671
452 0.0682
453 0.0676
454 0.0678
455 0.0696
456 0.0709
457 0.0735
458 0.0775
459 0.0787
460 0.0781
461 0.0818
462 0.0855
463 0.0883
464 0.0932
465 0.0962
466 0.0992
467 0.1008
468 0.1028
469 0.1046
470 0.1044
471 0.1038
472 0.1051
473 0.1043
474 0.1025
475 0.1047
476 0.1041
477 0.1022
478 0.1013
479 0.1013
480 0.1025
481 0.0999
482 0.1011
483 0.1001
484 0.0962
485 0.0941
486 0.0924
487 0.0902
488 0.087
489 0.0855
490 0.0843
491 0.0829
492 0.0828
493 0.0819
494 0.0828
495 0.0822
496 0.0827
497 0.084
498 0.083
499 0.0837
500 0.0841
501 0.0832
502 0.0814
503 0.0795
504 0.0782
505 0.0756
506 0.0736
507 0.0701
508 0.0685
509 0.0668
510 0.0683
511 0.0688
512 0.068
513 0.067
514 0.0664
515 0.065
516 0.0626
517 0.0615
518 0.0616
519 0.0601
520 0.061
521 0.06
522 0.0598
523 0.0581
524 0.0566
525 0.0558
526 0.0543
527 0.0531
528 0.0507
529 0.0493
530 0.0468
531 0.0455
532 0.0442
533 0.0432
534 0.0433
535 0.0439
536 0.0432
537 0.0429
538 0.0426
539 0.042
540 0.0418
541 0.0398
542 0.0392
543 0.0393
544 0.0395
545 0.0388
546 0.0372
547 0.0365
548 0.0366
549 0.0358
550 0.0356
551 0.0358
552 0.034
553 0.0346
554 0.0343
555 0.0323
556 0.0327
557 0.0323
558 0.033
559 0.0331
560 0.0324
561 0.033
562 0.0341
563 0.0353
564 0.036
565 0.0348
566 0.0342
567 0.0341
568 0.0339
569 0.0327
570 0.0337
571 0.035
572 0.035
573 0.0342
574 0.0346
575 0.0348
576 0.0334
577 0.0355
578 0.0363
579 0.038
580 0.0382
581 0.0383
582 0.0389
583 0.0403
584 0.0417
585 0.0443
586 0.0449
587 0.0447
588 0.0439
589 0.0468
590 0.0484
591 0.0502
592 0.051
593 0.0521
594 0.0527
595 0.0539
596 0.0523
597 0.0546
598 0.0548
599 0.0546
600 0.0542
601 0.0551
602 0.0549
603 0.0558
604 0.0546
605 0.0536
606 0.0533
607 0.0538
608 0.0547
609 0.0559
610 0.0555
611 0.0547
612 0.0548
613 0.0555
614 0.0546
615 0.0541
616 0.0551
617 0.0551
618 0.056
619 0.0552
620 0.054
621 0.0533
622 0.0525
623 0.0529
624 0.0521
625 0.0524
626 0.0518
627 0.0534
628 0.0524
629 0.0511
630 0.0521
631 0.0519
632 0.0525
633 0.053
634 0.0523
635 0.0512
636 0.0515
637 0.0536
638 0.0532
639 0.054
640 0.0537
641 0.0548
642 0.0552
643 0.0569
644 0.0568
645 0.0559
646 0.0546
647 0.0562
648 0.055
649 0.0534
650 0.055
651 0.0558
652 0.0569
653 0.0565
654 0.0553
655 0.0536
656 0.0538
657 0.0548
658 0.0563
659 0.0585
660 0.0583
661 0.0601
662 0.0607
663 0.0621
664 0.0618
665 0.065
666 0.0659
667 0.0675
668 0.0712
669 0.0719
670 0.0742
671 0.0744
672 0.0756
673 0.0772
674 0.081
675 0.0831
676 0.0854
677 0.0875
678 0.0857
679 0.0856
680 0.0859
681 0.0886
682 0.0865
683 0.0857
684 0.0823
685 0.0811
686 0.0785
687 0.0773
688 0.0776
689 0.0751
690 0.0732
691 0.0733
692 0.0728
693 0.0729
694 0.0722
695 0.0694
696 0.0679
697 0.0665
698 0.0639
699 0.0614
700 0.0611
701 0.0623
702 0.0615
703 0.0601
704 0.0593
705 0.0587
706 0.0558
707 0.0541
708 0.0539
709 0.0515
710 0.0503
711 0.0489
712 0.0483
713 0.0492
714 0.049
715 0.048
716 0.0471
717 0.0457
718 0.0481
719 0.0483
720 0.0475
721 0.0478
722 0.0469
723 0.0454
724 0.044
725 0.0432
726 0.0424
727 0.0423
728 0.0409
729 0.041
730 0.041
731 0.0427
732 0.0424
733 0.0423
734 0.044
735 0.0448
736 0.0438
737 0.0432
738 0.0423
739 0.0405
740 0.0391
741 0.0384
742 0.0385
743 0.0381
744 0.0362
745 0.0346
746 0.033
747 0.0325
748 0.0317
749 0.03
750 0.0288
751 0.0295
752 0.0302
753 0.0309
754 0.0314
755 0.0314
756 0.0333
757 0.0348
758 0.0355
759 0.0369
760 0.0374
761 0.0372
762 0.0382
763 0.0409
764 0.0427
765 0.0435
766 0.045
767 0.0463
768 0.0472
769 0.0487
770 0.0506
771 0.0524
772 0.0542
773 0.055
774 0.0556
775 0.0561
776 0.0566
777 0.0591
778 0.0608
779 0.0613
780 0.063
781 0.0648
782 0.0644
783 0.0669
784 0.0668
785 0.0692
786 0.0694
787 0.0698
788 0.0702
789 0.071
790 0.0702
791 0.0706
792 0.0698
793 0.0699
794 0.0726
795 0.0733
796 0.076
797 0.0732
798 0.0723
799 0.0723
800 0.0703
801 0.0689
802 0.0697
803 0.07
804 0.068
805 0.067
806 0.0653
807 0.0661
808 0.0667
809 0.0663
810 0.0659
811 0.0646
812 0.0642
813 0.0654
814 0.0661
815 0.0653
816 0.0659
817 0.0653
818 0.0656
819 0.0669
820 0.0684
821 0.0697
822 0.0697
823 0.069
824 0.0706
825 0.071
826 0.0696
827 0.0709
828 0.0717
829 0.071
830 0.072
831 0.0722
832 0.0736
833 0.0748
834 0.0762
835 0.0756
836 0.0756
837 0.0765
838 0.0756
839 0.0746
840 0.0753
841 0.0745
842 0.0733
843 0.0732
844 0.0721
845 0.0698
846 0.0696
847 0.0696
848 0.0701
849 0.0679
850 0.0673
851 0.0662
852 0.0663
853 0.0661
854 0.0658
855 0.0645
856 0.0637
857 0.0639
858 0.063
859 0.0612
860 0.0607
861 0.06
862 0.0588
863 0.0578
864 0.0562
865 0.0549
866 0.0541
867 0.0548
868 0.0524
869 0.0516
870 0.0499
871 0.0508
872 0.0476
873 0.0472
874 0.047
875 0.0461
876 0.0454
877 0.0444
878 0.0435
879 0.0425
880 0.044
881 0.0453
882 0.0462
883 0.0476
884 0.0476
885 0.0477
886 0.0483
887 0.047
888 0.0459
889 0.0434
890 0.0431
891 0.0426
892 0.0427
893 0.042
894 0.0416
895 0.0412
896 0.0409
897 0.0407
898 0.0396
899 0.0377
900 0.0374
901 0.0361
902 0.0345
903 0.0334
904 0.0328
905 0.0333
906 0.032
907 0.0302
908 0.0297
909 0.0293
910 0.0296
911 0.0289
912 0.0276
913 0.0272
914 0.0275
915 0.0271
916 0.0269
917 0.0261
918 0.0257
919 0.0256
920 0.0248
921 0.0241
922 0.0233
923 0.0225
924 0.021
925 0.0204
926 0.0199
927 0.0196
928 0.0193
929 0.0191
930 0.0189
931 0.0183
932 0.0177
933 0.017
934 0.0161
935 0.0161
936 0.0159
937 0.0155
938 0.0154
939 0.0142
940 0.014
941 0.0142
942 0.0137
943 0.0135
944 0.0123
945 0.0122
946 0.0123
947 0.0128
948 0.0129
949 0.0123
950 0.0117
951 0.0115
952 0.0123
953 0.0126
954 0.0128
955 0.0129
956 0.0141
957 0.0143
958 0.015
959 0.016
960 0.0184
961 0.0224
962 0.0236
963 0.0262
964 0.0286
965 0.03
966 0.0323
967 0.0358
968 0.0373
969 0.0374
970 0.0381
971 0.039
972 0.0394
973 0.0397
974 0.0405
975 0.0402
976 0.0406
977 0.0422
978 0.0439
979 0.0433
980 0.0445
981 0.0479
982 0.0519
983 0.054
984 0.0599
985 0.0628
986 0.0648
987 0.0668
988 0.0706
989 0.072
990 0.0734
991 0.0768
992 0.0811
993 0.0826
994 0.0846
995 0.0845
996 0.0844
997 0.0849
998 0.0865
999 0.0872
1000 0.0881
1001 0.0882
1002 0.0896
1003 0.0942
1004 0.0972
1005 0.101
1006 0.1021
1007 0.1064
1008 0.1078
1009 0.1103
1010 0.1126
1011 0.1135
1012 0.1175
1013 0.1167
1014 0.1168
1015 0.1176
1016 0.1179
1017 0.1191
1018 0.12
1019 0.1203
1020 0.1241
1021 0.1241
1022 0.1279
1023 0.1283
1024 0.1289
1025 0.1295
1026 0.1307
1027 0.1306
1028 0.1297
1029 0.1265
1030 0.126
1031 0.1221
1032 0.1183
1033 0.1159
1034 0.1147
1035 0.1134
1036 0.1137
1037 0.1105
1038 0.1079
1039 0.1049
1040 0.1002
1041 0.0961
1042 0.0941
1043 0.0941
1044 0.0938
1045 0.0895
1046 0.0847
1047 0.0821
1048 0.079
1049 0.0757
1050 0.0738
1051 0.0707
1052 0.0682
1053 0.0658
1054 0.061
1055 0.0586
1056 0.0547
1057 0.0514
1058 0.0485
1059 0.047
1060 0.0454
1061 0.042
1062 0.0395
1063 0.0367
1064 0.0343
1065 0.0336
1066 0.0328
1067 0.03
1068 0.029
1069 0.0274
1070 0.0264
1071 0.0258
1072 0.0243
1073 0.0229
1074 0.0223
1075 0.0214
1076 0.0204
1077 0.0199
1078 0.0188
1079 0.0181
1080 0.0175
1081 0.0167
1082 0.0165
1083 0.016
1084 0.0157
1085 0.0154
1086 0.0145
1087 0.0141
1088 0.0135
1089 0.0133
1090 0.0131
1091 0.0124
1092 0.0126
1093 0.0127
1094 0.0123
1095 0.0123
1096 0.0114
1097 0.0108
1098 0.0106
1099 0.0105
1100 0.0105
1101 0.0119
1102 0.0113
1103 0.0113
1104 0.0107
1105 0.0102
1106 0.0107
1107 0.01
1108 0.0097
1109 0.0098
1110 0.0105
1111 0.0106
1112 0.0099
1113 0.0104
1114 0.0099
1115 0.0105
1116 0.0111
1117 0.0125
1118 0.0134
1119 0.0134
1120 0.013
1121 0.0127
1122 0.0131
1123 0.0135
1124 0.0135
1125 0.0138
1126 0.0138
1127 0.0137
1128 0.0126
1129 0.0132
1130 0.0134
1131 0.0128
1132 0.0124
1133 0.0132
1134 0.0131
1135 0.0131
1136 0.0125
1137 0.0124
1138 0.0129
1139 0.0135
1140 0.0157
1141 0.0163
1142 0.0168
1143 0.0178
1144 0.0189
1145 0.0198
1146 0.0215
1147 0.0234
1148 0.0244
1149 0.0249
1150 0.0263
1151 0.0278
1152 0.0287
1153 0.03
1154 0.0289
1155 0.0305
1156 0.0314
1157 0.0325
1158 0.0336
1159 0.0346
1160 0.0355
1161 0.0374
1162 0.0397
1163 0.0428
1164 0.0431
1165 0.0446
1166 0.0483
1167 0.0509
1168 0.0531
1169 0.0552
1170 0.0561
1171 0.0578
1172 0.0599
1173 0.0596
1174 0.0627
1175 0.0658
1176 0.0679
1177 0.068
1178 0.0693
1179 0.0716
1180 0.0737
1181 0.0776
1182 0.0818
1183 0.0841
1184 0.0877
1185 0.092
1186 0.0955
1187 0.0966
1188 0.1015
1189 0.1053
1190 0.1054
1191 0.1087
1192 0.1108
1193 0.1138
1194 0.1145
1195 0.116
1196 0.1141
1197 0.116
1198 0.1156
1199 0.1156
1200 0.1187
1201 0.1206
1202 0.1222
1203 0.1277
1204 0.1275
1205 0.1286
1206 0.1292
1207 0.1307
1208 0.1348
1209 0.1354
1210 0.1375
1211 0.1368
1212 0.1332
1213 0.1319
1214 0.1304
1215 0.127
1216 0.125
1217 0.1236
1218 0.123
1219 0.1214
1220 0.1184
1221 0.1153
1222 0.1118
1223 0.1105
1224 0.1087
1225 0.1063
1226 0.1051
1227 0.1059
1228 0.1014
1229 0.0992
1230 0.0968
1231 0.0966
1232 0.0948
1233 0.0926
1234 0.0871
1235 0.0818
1236 0.0786
1237 0.0752
1238 0.0724
1239 0.0691
1240 0.0636
1241 0.0594
1242 0.0549
1243 0.0509
1244 0.0472
1245 0.0439
1246 0.0415
1247 0.0399
1248 0.0386
1249 0.0372
1250 0.0361
1251 0.034
1252 0.0331
1253 0.0319
1254 0.03
1255 0.0286
1256 0.0274
1257 0.0262
1258 0.0254
1259 0.0248
1260 0.0239
1261 0.0234
1262 0.0216
1263 0.0214
1264 0.0216
1265 0.0205
1266 0.0198
1267 0.0202
1268 0.018
1269 0.0175
1270 0.0166
1271 0.0162
1272 0.0159
1273 0.0157
1274 0.0153
1275 0.0147
1276 0.0134
1277 0.0143
1278 0.0136
1279 0.0129
1280 0.0136
1281 0.0143
1282 0.016
1283 0.0166
1284 0.018
1285 0.0185
1286 0.0191
1287 0.0207
1288 0.022
1289 0.0225
1290 0.0216
1291 0.0231
1292 0.0229
1293 0.0233
1294 0.0232
1295 0.0233
1296 0.0235
1297 0.0229
1298 0.023
1299 0.0216
1300 0.0213
1301 0.0218
1302 0.0215
1303 0.0212
1304 0.0214
1305 0.0219
1306 0.022
1307 0.0222
1308 0.0229
1309 0.0226
1310 0.0224
1311 0.022
1312 0.0217
1313 0.022
1314 0.0209
1315 0.02
1316 0.02
1317 0.0205
1318 0.0206
1319 0.0202
1320 0.0196
1321 0.019
1322 0.0192
1323 0.0192
1324 0.019
1325 0.0174
1326 0.0174
1327 0.0177
1328 0.0177
1329 0.018
1330 0.0177
1331 0.0187
1332 0.0199
1333 0.0208
1334 0.0218
1335 0.0219
1336 0.0233
1337 0.0234
1338 0.0258
1339 0.0269
1340 0.0262
1341 0.0264
1342 0.0274
1343 0.0291
1344 0.0319
1345 0.033
1346 0.0336
1347 0.0356
1348 0.0378
1349 0.0403
1350 0.0414
1351 0.042
1352 0.0426
1353 0.0443
1354 0.0474
1355 0.0475
1356 0.0478
1357 0.0501
1358 0.049
1359 0.0515
1360 0.053
1361 0.0557
1362 0.0577
1363 0.0585
1364 0.0611
1365 0.0648
1366 0.0681
1367 0.0725
1368 0.0777
1369 0.0808
1370 0.0841
1371 0.0864
1372 0.0906
1373 0.0922
1374 0.096
1375 0.0957
1376 0.0987
1377 0.0988
1378 0.0996
1379 0.1019
1380 0.1033
1381 0.1034
1382 0.1074
1383 0.1085
1384 0.1099
1385 0.1116
1386 0.1147
1387 0.1153
1388 0.1174
1389 0.1211
1390 0.1231
1391 0.1283
1392 0.1286
1393 0.1302
1394 0.1323
1395 0.1319
1396 0.1329
1397 0.1308
1398 0.1296
1399 0.1324
1400 0.1308
1401 0.1285
1402 0.1258
1403 0.127
1404 0.126
1405 0.125
1406 0.124
1407 0.1212
1408 0.1177
1409 0.1146
1410 0.1137
1411 0.1136
1412 0.1114
1413 0.1096
1414 0.107
1415 0.1031
1416 0.0994
1417 0.0948
1418 0.0907
1419 0.0854
1420 0.0806
1421 0.0767
1422 0.0719
1423 0.0667
1424 0.0615
1425 0.0576
1426 0.0532
1427 0.0503
1428 0.047
1429 0.0443
1430 0.0424
1431 0.0399
1432 0.0373
1433 0.0335
1434 0.0303
1435 0.0286
1436 0.027
1437 0.0267
1438 0.0267
1439 0.0261
1440 0.0262
1441 0.0252
1442 0.0238
1443 0.0231
1444 0.0224
1445 0.0216
1446 0.0213
1447 0.0204
1448 0.0195
1449 0.0196
1450 0.0202
1451 0.02
1452 0.0187
1453 0.0185
1454 0.0196
1455 0.0197
1456 0.0181
1457 0.0196
1458 0.0191
1459 0.0189
1460 0.0186
1461 0.02
1462 0.0208
1463 0.0214
1464 0.0208
1465 0.0223
1466 0.0229
1467 0.0224
1468 0.0219
1469 0.0213
1470 0.0202
1471 0.0198
1472 0.02
1473 0.021
1474 0.0222
1475 0.0222
1476 0.0231
1477 0.0231
1478 0.0224
1479 0.0224
1480 0.0223
1481 0.0221
1482 0.0227
1483 0.0221
1484 0.0216
1485 0.0222
1486 0.0225
1487 0.0225
1488 0.0218
1489 0.023
1490 0.0226
1491 0.0225
1492 0.0229
1493 0.0227
1494 0.022
1495 0.0217
1496 0.0217
1497 0.0216
1498 0.0226
1499 0.0227
1500 0.0219
1501 0.0217
1502 0.0198
1503 0.0199
1504 0.0202
1505 0.019
1506 0.0192
1507 0.0188
1508 0.0184
1509 0.0192
1510 0.0194
1511 0.0195
1512 0.0193
1513 0.0193
1514 0.0188
1515 0.0194
1516 0.0202
1517 0.0217
1518 0.0217
1519 0.022
1520 0.0229
1521 0.0243
1522 0.0259
1523 0.0269
1524 0.0279
1525 0.0279
1526 0.0291
1527 0.0302
1528 0.031
1529 0.032
1530 0.0319
1531 0.0318
1532 0.0338
1533 0.0354
1534 0.0368
1535 0.0376
1536 0.0382
1537 0.038
1538 0.0385
1539 0.0416
1540 0.0438
1541 0.046
1542 0.0468
1543 0.0501
1544 0.0512
1545 0.0529
1546 0.0577
1547 0.0604
1548 0.0631
1549 0.0642
1550 0.0663
1551 0.066
1552 0.0683
1553 0.0727
1554 0.0783
1555 0.0809
1556 0.0822
1557 0.0831
1558 0.0849
1559 0.0874
1560 0.0903
1561 0.0939
1562 0.0947
1563 0.097
1564 0.0994
1565 0.0998
1566 0.1003
1567 0.0991
1568 0.0992
1569 0.1021
1570 0.1005
1571 0.101
1572 0.1012
1573 0.1
1574 0.0983
1575 0.0974
1576 0.0977
1577 0.0989
1578 0.0997
1579 0.0997
1580 0.0996
1581 0.0993
1582 0.1058
1583 0.1077
1584 0.1108
1585 0.1135
1586 0.1153
1587 0.1201
1588 0.1218
1589 0.1226
1590 0.1251
1591 0.128
1592 0.1316
1593 0.1331
1594 0.1365
1595 0.1403
1596 0.1374
1597 0.1344
1598 0.1311
1599 0.1248
1600 0.1201
1601 0.1133
1602 0.1084
1603 0.1029
1604 0.0954
1605 0.0881
1606 0.0832
1607 0.0774
1608 0.0734
1609 0.0694
1610 0.0659
1611 0.0609
1612 0.0568
1613 0.054
1614 0.0515
1615 0.0482
1616 0.0477
1617 0.0446
1618 0.0428
1619 0.0425
1620 0.0411
1621 0.0397
1622 0.0402
1623 0.039
1624 0.036
1625 0.0348
1626 0.0332
1627 0.033
1628 0.0318
1629 0.031
1630 0.0289
1631 0.0273
1632 0.0266
1633 0.0269
1634 0.0253
1635 0.0245
1636 0.0243
1637 0.0237
1638 0.0228
1639 0.0223
1640 0.0215
1641 0.0208
1642 0.0204
1643 0.0201
1644 0.02
1645 0.0209
1646 0.0211
1647 0.0204
1648 0.019
1649 0.0194
1650 0.0194
1651 0.0198
1652 0.0191
1653 0.0189
1654 0.0176
1655 0.0163
1656 0.0157
1657 0.0144
1658 0.0134
1659 0.0138
1660 0.0138
1661 0.0128
1662 0.0127
1663 0.0122
1664 0.0125
1665 0.012
1666 0.0117
1667 0.0118
1668 0.0118
1669 0.0118
1670 0.0133
1671 0.0143
1672 0.014
1673 0.0144
1674 0.0153
1675 0.0168
1676 0.0176
1677 0.0188
1678 0.0187
1679 0.0189
1680 0.0199
1681 0.021
1682 0.0223
1683 0.0241
1684 0.0263
1685 0.0265
1686 0.0267
1687 0.0263
1688 0.0267
1689 0.0283
1690 0.0297
1691 0.0296
1692 0.0299
1693 0.0308
1694 0.029
1695 0.0291
1696 0.0287
1697 0.0287
1698 0.0292
1699 0.0306
1700 0.031
1701 0.0314
1702 0.0325
1703 0.0329
1704 0.0347
1705 0.0363
1706 0.0356
1707 0.0386
1708 0.0404
1709 0.0429
1710 0.0458
1711 0.046
1712 0.0469
1713 0.0468
1714 0.0471
1715 0.0456
1716 0.0445
1717 0.045
1718 0.0445
1719 0.0443
1720 0.0449
1721 0.046
1722 0.0444
1723 0.0436
1724 0.042
1725 0.0428
1726 0.0443
1727 0.0448
1728 0.0457
1729 0.0459
1730 0.0481
1731 0.0504
1732 0.0525
1733 0.0565
1734 0.0575
1735 0.0587
1736 0.0591
1737 0.0581
1738 0.058
1739 0.0574
1740 0.0576
1741 0.0573
1742 0.0577
1743 0.0571
1744 0.0556
1745 0.0552
1746 0.0539
1747 0.0539
1748 0.0549
1749 0.0566
1750 0.0574
1751 0.0586
1752 0.0614
1753 0.0665
1754 0.0703
1755 0.0747
1756 0.0793
1757 0.0811
1758 0.084
1759 0.0854
1760 0.0858
1761 0.0854
1762 0.0871
1763 0.0896
1764 0.089
1765 0.0919
1766 0.0924
1767 0.0926
1768 0.0935
1769 0.0928
1770 0.0928
1771 0.0924
1772 0.0918
1773 0.0918
1774 0.0924
1775 0.0934
1776 0.0921
1777 0.0918
1778 0.0921
1779 0.0906
1780 0.0914
1781 0.0886
1782 0.0887
1783 0.0881
1784 0.089
1785 0.0879
1786 0.0875
1787 0.0887
1788 0.0897
1789 0.0893
1790 0.0894
1791 0.0896
1792 0.0887
1793 0.0886
1794 0.0905
1795 0.0908
1796 0.093
1797 0.0916
1798 0.0898
1799 0.0879
1800 0.0862
1801 0.0822
1802 0.0781
1803 0.0759
1804 0.0735
1805 0.0704
1806 0.0687
1807 0.0653
1808 0.0617
1809 0.0626
1810 0.0613
1811 0.0599
1812 0.0579
1813 0.0556
1814 0.052
1815 0.0478
1816 0.0461
1817 0.0451
1818 0.0439
1819 0.0427
1820 0.0414
1821 0.0406
1822 0.0395
1823 0.0376
1824 0.0375
1825 0.0386
1826 0.0374
1827 0.0358
1828 0.0344
1829 0.0328
1830 0.0317
1831 0.0303
1832 0.0292
1833 0.0286
1834 0.0269
1835 0.0256
1836 0.0242
1837 0.0233
1838 0.0228
1839 0.0228
1840 0.0225
1841 0.023
1842 0.024
1843 0.0253
1844 0.0251
1845 0.0259
1846 0.0252
1847 0.0276
1848 0.0285
1849 0.0284
1850 0.0289
1851 0.0281
1852 0.0285
1853 0.0283
1854 0.0284
1855 0.0281
1856 0.0286
1857 0.0292
1858 0.0278
1859 0.0266
1860 0.0261
1861 0.026
1862 0.0262
1863 0.0268
1864 0.0259
1865 0.026
1866 0.0264
1867 0.0269
1868 0.0259
1869 0.0262
1870 0.0251
1871 0.0266
1872 0.0278
1873 0.0289
1874 0.0281
1875 0.029
1876 0.0305
1877 0.0302
1878 0.0312
1879 0.0311
1880 0.033
1881 0.0355
1882 0.0374
1883 0.0401
1884 0.0398
1885 0.04
1886 0.0401
1887 0.0413
1888 0.043
1889 0.0437
1890 0.0445
1891 0.0468
1892 0.0482
1893 0.0497
1894 0.0502
1895 0.0505
1896 0.051
1897 0.0523
1898 0.0539
1899 0.0545
1900 0.053
1901 0.0539
1902 0.0544
1903 0.0544
1904 0.0565
1905 0.0578
1906 0.0583
1907 0.0598
1908 0.0619
1909 0.0642
1910 0.0644
1911 0.0639
1912 0.0645
1913 0.0658
1914 0.0674
1915 0.0688
1916 0.0707
1917 0.0719
1918 0.0712
1919 0.0725
1920 0.072
1921 0.0723
1922 0.071
1923 0.0718
1924 0.0724
1925 0.071
1926 0.0699
1927 0.0731
1928 0.0751
1929 0.0782
1930 0.0767
1931 0.0771
1932 0.077
1933 0.0781
1934 0.0813
1935 0.0842
1936 0.0835
1937 0.0859
1938 0.0861
1939 0.0889
1940 0.0898
1941 0.0916
1942 0.0937
1943 0.0938
1944 0.0938
1945 0.0918
1946 0.0905
1947 0.0898
1948 0.0888
1949 0.0892
1950 0.0871
1951 0.0844
1952 0.0825
1953 0.0823
1954 0.0797
1955 0.0773
1956 0.0746
1957 0.0724
1958 0.0736
1959 0.0719
1960 0.0695
1961 0.0664
1962 0.0659
1963 0.0643
1964 0.0631
1965 0.0625
1966 0.0604
1967 0.0585
1968 0.059
1969 0.0578
1970 0.0574
1971 0.0554
1972 0.0554
1973 0.0547
1974 0.0562
1975 0.0538
1976 0.0523
1977 0.0519
1978 0.053
1979 0.0516
1980 0.0512
1981 0.0501
1982 0.0501
1983 0.0504
1984 0.0499
1985 0.049
1986 0.0483
1987 0.047
1988 0.0447
1989 0.0443
1990 0.0438
1991 0.0429
1992 0.0418
1993 0.04
1994 0.0397
1995 0.0415
1996 0.0405
1997 0.0389
1998 0.0394
1999 0.0402
2000 0.0403
2001 0.0411
2002 0.0411
2003 0.0413
2004 0.0417
2005 0.0415
2006 0.0421
2007 0.0409
2008 0.041
2009 0.0395
2010 0.0398
2011 0.0405
2012 0.0387
2013 0.037
2014 0.0365
2015 0.0384
2016 0.0363
2017 0.0363
2018 0.0369
2019 0.0362
2020 0.0359
2021 0.0369
2022 0.0378
2023 0.0386
2024 0.0382
2025 0.039
2026 0.0385
2027 0.0387
2028 0.0384
2029 0.0368
2030 0.0356
2031 0.0334
2032 0.0317
2033 0.0306
2034 0.0297
2035 0.0289
2036 0.0272
2037 0.0251
2038 0.0237
2039 0.0225
2040 0.0218
2041 0.0212
2042 0.022
2043 0.0213
2044 0.0209
2045 0.0204
2046 0.0193
2047 0.0194
2048 0.0192
2049 0.018
2050 0.0174
2051 0.016
2052 0.0147
2053 0.0145
2054 0.0136
2055 0.0135
2056 0.0132
2057 0.0132
2058 0.0128
2059 0.0119
2060 0.0122
2061 0.0116
2062 0.0109
2063 0.0106
2064 0.0105
2065 0.0105
2066 0.0115
2067 0.0114
2068 0.0117
2069 0.0112
2070 0.0113
2071 0.0135
2072 0.0137
2073 0.0128
2074 0.0128
2075 0.0128
2076 0.0132
2077 0.0137
2078 0.0152
2079 0.016
2080 0.0166
2081 0.0175
2082 0.0184
2083 0.0188
2084 0.0207
2085 0.021
2086 0.0225
2087 0.0253
2088 0.0272
2089 0.029
2090 0.0313
2091 0.0329
2092 0.0325
2093 0.0336
2094 0.0339
2095 0.0333
2096 0.0343
2097 0.0347
2098 0.0352
2099 0.0364
2100 0.0373
2101 0.0378
2102 0.0405
2103 0.0427
2104 0.0434
2105 0.0448
2106 0.0443
2107 0.0449
2108 0.0472
2109 0.0487
2110 0.0513
2111 0.0525
2112 0.0544
2113 0.0577
2114 0.0605
2115 0.0647
2116 0.0679
2117 0.0692
2118 0.0733
2119 0.0766
2120 0.0794
2121 0.083
2122 0.0877
2123 0.0863
2124 0.0893
2125 0.0886
2126 0.091
2127 0.0971
2128 0.0994
2129 0.1021
2130 0.1029
2131 0.1029
2132 0.1034
2133 0.1029
2134 0.1035
2135 0.1057
2136 0.1065
2137 0.107
2138 0.1089
2139 0.1112
2140 0.1142
2141 0.1164
2142 0.1182
2143 0.1151
2144 0.118
2145 0.1171
2146 0.1164
2147 0.116
2148 0.1169
2149 0.1198
2150 0.1207
2151 0.1213
2152 0.1166
2153 0.1159
2154 0.1143
2155 0.1134
2156 0.1137
2157 0.1097
2158 0.1063
2159 0.1024
2160 0.1019
2161 0.0987
2162 0.0965
2163 0.0956
2164 0.0942
2165 0.0921
2166 0.0895
2167 0.0874
2168 0.0876
2169 0.0871
2170 0.0849
2171 0.0837
2172 0.0842
2173 0.0839
2174 0.0826
2175 0.0804
2176 0.0772
2177 0.075
2178 0.0716
2179 0.0719
2180 0.0722
2181 0.0697
2182 0.0686
2183 0.0678
2184 0.0678
2185 0.0675
2186 0.0679
2187 0.0684
2188 0.0676
2189 0.0664
2190 0.0646
2191 0.064
2192 0.061
2193 0.058
2194 0.0564
2195 0.0538
2196 0.0505
2197 0.0493
2198 0.0483
2199 0.0475
2200 0.0463
2201 0.0447
2202 0.0421
2203 0.0418
2204 0.0407
2205 0.0411
2206 0.0413
2207 0.041
2208 0.0396
2209 0.0389
2210 0.0372
2211 0.036
2212 0.0355
2213 0.0347
2214 0.0355
2215 0.0356
2216 0.0337
2217 0.0333
2218 0.0318
2219 0.0303
2220 0.0291
2221 0.0294
2222 0.029
2223 0.0281
2224 0.0272
2225 0.0265
2226 0.0272
2227 0.0259
2228 0.0243
2229 0.0228
2230 0.0232
2231 0.0225
2232 0.022
2233 0.0214
2234 0.0219
2235 0.0228
2236 0.022
2237 0.0216
2238 0.0207
2239 0.0208
2240 0.0217
2241 0.0211
2242 0.021
2243 0.0205
2244 0.0199
2245 0.0202
2246 0.0191
2247 0.0183
2248 0.018
2249 0.0179
2250 0.0182
2251 0.0179
2252 0.0179
2253 0.0175
2254 0.0176
2255 0.0177
2256 0.0172
2257 0.0181
2258 0.019
2259 0.0195
2260 0.0218
2261 0.024
2262 0.0234
2263 0.0244
2264 0.0242
2265 0.025
2266 0.0254
2267 0.0269
2268 0.0275
2269 0.0276
2270 0.0286
2271 0.0282
2272 0.028
2273 0.0279
2274 0.0284
2275 0.0274
2276 0.0275
2277 0.0271
2278 0.0282
2279 0.0295
2280 0.0304
2281 0.0304
2282 0.0322
2283 0.0317
2284 0.0332
2285 0.0332
2286 0.0339
2287 0.0337
2288 0.0353
2289 0.0344
2290 0.0359
2291 0.0372
2292 0.0399
2293 0.0403
2294 0.0417
2295 0.0411
2296 0.0433
2297 0.0468
2298 0.0466
2299 0.0479
2300 0.0513
2301 0.0516
2302 0.0512
2303 0.0551
2304 0.0583
2305 0.0632
2306 0.066
2307 0.0688
2308 0.0707
2309 0.0731
2310 0.0741
2311 0.0739
2312 0.0769
2313 0.0793
2314 0.0816
2315 0.0836
2316 0.0828
2317 0.085
2318 0.0846
2319 0.0879
2320 0.0926
2321 0.0968
2322 0.0991
2323 0.0999
2324 0.1009
2325 0.102
2326 0.1045
2327 0.1069
2328 0.1059
2329 0.1084
2330 0.1078
2331 0.107
2332 0.106
2333 0.1073
2334 0.1057
2335 0.1051
2336 0.1059
2337 0.1069
2338 0.1061
2339 0.1059
2340 0.1066
2341 0.101
2342 0.1002
2343 0.103
2344 0.1022
2345 0.1038
2346 0.1023
2347 0.1013
2348 0.1022
2349 0.1045
2350 0.1033
2351 0.1015
2352 0.1012
2353 0.1005
2354 0.1011
2355 0.0992
2356 0.0975
2357 0.0968
2358 0.0956
2359 0.0953
2360 0.0981
2361 0.0988
2362 0.0971
2363 0.0973
2364 0.0946
2365 0.0918
2366 0.0913
2367 0.0889
2368 0.086
2369 0.082
2370 0.0787
2371 0.0738
2372 0.0724
2373 0.0712
2374 0.0689
2375 0.0659
2376 0.0623
2377 0.0602
2378 0.0592
2379 0.0561
2380 0.0546
2381 0.0529
2382 0.0504
2383 0.0483
2384 0.0461
2385 0.0437
2386 0.0431
2387 0.0408
2388 0.0383
2389 0.0359
2390 0.0351
2391 0.0338
2392 0.0308
2393 0.0302
2394 0.0291
2395 0.0288
2396 0.0278
2397 0.0271
2398 0.0258
2399 0.0243
2400 0.0242
2401 0.0245
2402 0.0236
2403 0.0237
2404 0.0226
2405 0.0225
2406 0.0215
2407 0.0206
2408 0.0206
2409 0.0194
2410 0.019
2411 0.0198
2412 0.0201
2413 0.0208
2414 0.0211
2415 0.0219
2416 0.0214
2417 0.0211
2418 0.0211
2419 0.0201
2420 0.0201
2421 0.0192
2422 0.0205
2423 0.0214
2424 0.0231
2425 0.0239
2426 0.0259
2427 0.0263
2428 0.0267
2429 0.0272
2430 0.027
2431 0.0259
2432 0.0259
2433 0.0253
2434 0.0242
2435 0.0242
2436 0.0246
2437 0.0233
2438 0.0242
2439 0.0227
2440 0.0229
2441 0.0229
2442 0.0238
2443 0.0247
2444 0.0252
2445 0.0259
2446 0.0269
2447 0.0271
2448 0.0264
2449 0.0266
2450 0.0281
2451 0.0286
2452 0.0291
2453 0.0287
2454 0.0288
2455 0.0297
2456 0.0294
2457 0.0309
2458 0.0307
2459 0.0311
2460 0.0301
2461 0.0318
2462 0.033
2463 0.0324
2464 0.0323
2465 0.0331
2466 0.0332
2467 0.0352
2468 0.0339
2469 0.0345
2470 0.0348
2471 0.0345
2472 0.0344
2473 0.0339
2474 0.0362
2475 0.038
2476 0.0385
2477 0.0402
2478 0.0412
2479 0.0425
2480 0.0426
2481 0.0435
2482 0.0435
2483 0.0445
2484 0.0458
2485 0.0472
2486 0.0485
2487 0.0501
2488 0.051
2489 0.0519
2490 0.0519
2491 0.0505
2492 0.0505
2493 0.0509
2494 0.0505
2495 0.0523
2496 0.0534
2497 0.0555
2498 0.0579
2499 0.0622
2500 0.0649
2501 0.0679
2502 0.0699
2503 0.0732
2504 0.0716
2505 0.0729
2506 0.0741
2507 0.0758
2508 0.0779
2509 0.0798
2510 0.0839
2511 0.0837
2512 0.0835
2513 0.0862
2514 0.0884
2515 0.0919
2516 0.0936
2517 0.0962
2518 0.0973
2519 0.0963
2520 0.0989
2521 0.1004
2522 0.1024
2523 0.1055
2524 0.1048
2525 0.1052
2526 0.1025
2527 0.1021
2528 0.1031
2529 0.101
2530 0.1049
2531 0.1036
2532 0.1036
2533 0.1019
2534 0.1023
2535 0.0992
2536 0.0967
2537 0.0936
2538 0.0925
2539 0.0902
2540 0.0894
2541 0.0876
2542 0.0869
2543 0.0842
2544 0.0832
2545 0.0801
2546 0.0793
2547 0.0777
2548 0.075
2549 0.0709
2550 0.068
2551 0.0658
2552 0.0645
2553 0.0614
2554 0.0609
2555 0.0596
2556 0.0591
2557 0.0585
2558 0.0591
2559 0.0572
2560 0.0575
2561 0.057
2562 0.0568
2563 0.058
2564 0.0592
2565 0.0621
2566 0.0626
2567 0.0654
2568 0.0651
2569 0.0655
2570 0.0649
2571 0.0658
2572 0.0649
2573 0.0659
2574 0.0644
2575 0.0637
2576 0.0614
2577 0.06
2578 0.0586
2579 0.0573
2580 0.0558
2581 0.0542
2582 0.052
2583 0.0508
2584 0.0496
2585 0.0487
2586 0.0471
2587 0.0454
2588 0.0428
2589 0.0418
2590 0.0408
2591 0.0389
2592 0.0376
2593 0.0361
2594 0.0348
2595 0.0334
2596 0.032
2597 0.0324
2598 0.0321
2599 0.0311
2600 0.0323
2601 0.0322
2602 0.0321
2603 0.0304
2604 0.0292
2605 0.0279
2606 0.0288
2607 0.0295
2608 0.0287
2609 0.0284
2610 0.0282
2611 0.0284
2612 0.0288
2613 0.0287
2614 0.0286
2615 0.0275
2616 0.0297
2617 0.0284
2618 0.0284
2619 0.029
2620 0.0273
2621 0.0292
2622 0.0296
2623 0.0293
2624 0.0289
2625 0.0292
2626 0.0297
2627 0.0288
2628 0.0276
2629 0.0271
2630 0.0258
2631 0.0258
2632 0.0267
2633 0.0269
2634 0.0278
2635 0.0272
2636 0.0266
2637 0.0264
2638 0.0267
2639 0.0283
2640 0.0297
2641 0.0314
2642 0.0336
2643 0.0352
2644 0.0371
2645 0.0383
2646 0.041
2647 0.0398
2648 0.0404
2649 0.0418
2650 0.043
2651 0.0448
2652 0.0462
2653 0.0474
2654 0.0499
2655 0.0512
2656 0.0509
2657 0.053
2658 0.0559
2659 0.0559
2660 0.0585
2661 0.0584
2662 0.0577
2663 0.0571
2664 0.0552
2665 0.0549
2666 0.0556
2667 0.0556
2668 0.0558
2669 0.0579
2670 0.0576
2671 0.057
2672 0.0569
2673 0.0559
2674 0.0562
2675 0.0565
2676 0.056
2677 0.0571
2678 0.0585
2679 0.0605
2680 0.0616
2681 0.0626
2682 0.0633
2683 0.0628
2684 0.0629
2685 0.0627
2686 0.0648
2687 0.0659
2688 0.0684
2689 0.07
2690 0.0717
2691 0.0731
2692 0.0733
2693 0.0782
2694 0.0808
2695 0.0829
2696 0.0876
2697 0.0898
2698 0.0912
2699 0.0941
2700 0.0958
2701 0.0961
2702 0.0963
2703 0.0965
2704 0.0951
2705 0.0937
2706 0.0946
2707 0.0944
2708 0.0923
2709 0.0938
2710 0.0941
2711 0.094
2712 0.0931
2713 0.0921
2714 0.0909
2715 0.0871
2716 0.0885
2717 0.0885
2718 0.0893
2719 0.0898
2720 0.0911
2721 0.0908
2722 0.0916
2723 0.0911
2724 0.0943
2725 0.0924
2726 0.0942
2727 0.0928
2728 0.0911
2729 0.0903
2730 0.0893
2731 0.0883
2732 0.0863
2733 0.0843
2734 0.0805
2735 0.0797
2736 0.0766
2737 0.0732
2738 0.0712
2739 0.0674
2740 0.0648
2741 0.0638
2742 0.0623
2743 0.062
2744 0.0577
2745 0.0552
2746 0.055
2747 0.0533
2748 0.0522
2749 0.0513
2750 0.0502
2751 0.05
2752 0.05
2753 0.0503
2754 0.0484
2755 0.0471
2756 0.0456
2757 0.0437
2758 0.0424
2759 0.0414
2760 0.0394
2761 0.0383
2762 0.0355
2763 0.0342
2764 0.033
2765 0.0312
2766 0.0293
2767 0.0283
2768 0.027
2769 0.025
2770 0.0236
2771 0.0224
2772 0.0208
2773 0.0217
2774 0.0213
2775 0.0206
2776 0.0199
2777 0.019
2778 0.0192
2779 0.019
2780 0.0198
2781 0.0203
2782 0.019
2783 0.0176
2784 0.0168
2785 0.0166
2786 0.0173
2787 0.0168
2788 0.0168
2789 0.0165
2790 0.016
2791 0.0153
2792 0.0156
2793 0.0156
2794 0.0153
2795 0.0166
2796 0.0164
2797 0.0172
2798 0.0177
2799 0.0188
2800 0.0197
2801 0.02
2802 0.021
2803 0.0218
2804 0.0235
2805 0.0259
2806 0.0276
2807 0.0283
2808 0.0299
2809 0.0303
2810 0.0317
2811 0.0314
2812 0.0326
2813 0.0337
2814 0.0355
2815 0.036
2816 0.0384
2817 0.0389
2818 0.0397
2819 0.0426
2820 0.0428
2821 0.0431
2822 0.047
2823 0.0498
2824 0.0522
2825 0.0543
2826 0.0565
2827 0.0566
2828 0.0572
2829 0.0576
2830 0.0588
2831 0.0596
2832 0.059
2833 0.0606
2834 0.0634
2835 0.064
2836 0.065
2837 0.0641
2838 0.0671
2839 0.0687
2840 0.072
2841 0.0753
2842 0.0757
2843 0.0754
2844 0.0754
2845 0.0772
2846 0.0769
2847 0.0777
2848 0.0796
2849 0.0817
2850 0.0829
2851 0.0845
2852 0.0834
2853 0.0849
2854 0.087
2855 0.089
2856 0.0907
2857 0.0939
2858 0.0974
2859 0.0976
2860 0.0961
2861 0.0973
2862 0.0999
2863 0.1001
2864 0.1028
2865 0.1057
2866 0.1055
2867 0.1056
2868 0.1056
2869 0.1058
2870 0.1053
2871 0.1043
2872 0.1056
2873 0.1057
2874 0.103
2875 0.1036
2876 0.1017
2877 0.1004
2878 0.0992
2879 0.0994
2880 0.0956
2881 0.0925
2882 0.0907
2883 0.0896
2884 0.088
2885 0.0842
2886 0.0863
2887 0.0857
2888 0.083
2889 0.083
2890 0.0803
2891 0.0778
2892 0.078
2893 0.0796
2894 0.08
2895 0.0804
2896 0.0788
2897 0.077
2898 0.0752
2899 0.0747
2900 0.0733
2901 0.0723
2902 0.0716
2903 0.0706
2904 0.0718
2905 0.0718
2906 0.0699
2907 0.0682
2908 0.0674
2909 0.0635
2910 0.0614
2911 0.0585
2912 0.0561
2913 0.0544
2914 0.0508
2915 0.0484
2916 0.0462
2917 0.042
2918 0.0396
2919 0.0375
2920 0.0366
2921 0.0371
2922 0.0338
2923 0.0321
2924 0.0311
2925 0.0296
2926 0.0292
2927 0.029
2928 0.0282
2929 0.0259
2930 0.0242
2931 0.0229
2932 0.0216
2933 0.0209
2934 0.0202
2935 0.0196
2936 0.0183
2937 0.0169
2938 0.016
2939 0.0151
2940 0.0144
2941 0.0132
2942 0.0121
2943 0.0116
2944 0.0111
2945 0.0108
2946 0.0111
2947 0.0108
2948 0.0105
2949 0.0103
2950 0.0098
2951 0.0097
2952 0.0093
2953 0.0091
2954 0.0085
2955 0.0083
2956 0.008
2957 0.0073
2958 0.0069
2959 0.0073
2960 0.0075
2961 0.0079
2962 0.0077
2963 0.0072
2964 0.0062
2965 0.0058
2966 0.0054
2967 0.0054
2968 0.0049
2969 0.0043
2970 0.0045
2971 0.0044
2972 0.0047
2973 0.0045
2974 0.0042
2975 0.004
2976 0.0037
2977 0.0037
2978 0.0035
2979 0.0033
2980 0.0036
2981 0.004
2982 0.0035
2983 0.0034
2984 0.0034
2985 0.0039
2986 0.0041
2987 0.0046
2988 0.0051
2989 0.005
2990 0.0052
2991 0.0053
2992 0.0057
2993 0.0058
2994 0.0062
2995 0.0067
2996 0.0061
2997 0.0061
2998 0.0061
2999 0.0064
3000 0.0064
3001 0.0059
3002 0.0055
3003 0.0059
3004 0.0058
3005 0.0068
3006 0.0071
3007 0.0069
3008 0.0075
3009 0.0076
3010 0.0077
3011 0.0082
3012 0.009
3013 0.0096
3014 0.0103
3015 0.0109
3016 0.0117
3017 0.0128
3018 0.0137
3019 0.0143
3020 0.015
3021 0.0161
3022 0.0169
3023 0.0173
3024 0.0181
3025 0.0175
3026 0.0179
3027 0.0192
3028 0.0196
3029 0.0192
3030 0.0193
3031 0.0201
3032 0.0196
3033 0.0208
3034 0.0207
3035 0.0225
3036 0.0245
3037 0.0261
3038 0.0246
3039 0.0272
3040 0.0282
3041 0.0295
3042 0.0303
3043 0.0321
3044 0.0336
3045 0.0355
3046 0.0358
3047 0.0384
3048 0.0412
3049 0.0418
3050 0.0449
3051 0.0463
3052 0.0488
3053 0.0512
3054 0.0547
3055 0.0547
3056 0.0549
3057 0.0557
3058 0.0583
3059 0.0614
3060 0.065
3061 0.0677
3062 0.071
3063 0.0739
3064 0.0754
3065 0.0798
3066 0.0824
3067 0.0852
3068 0.0875
3069 0.092
3070 0.0926
3071 0.099
3072 0.1027
3073 0.1063
3074 0.1115
3075 0.119
3076 0.124
3077 0.1303
3078 0.1351
3079 0.1373
3080 0.1417
3081 0.142
3082 0.1437
3083 0.1438
3084 0.144
3085 0.1455
3086 0.1442
3087 0.1449
3088 0.1492
3089 0.1489
3090 0.1481
3091 0.1514
3092 0.1565
3093 0.1635
3094 0.1649
3095 0.1688
3096 0.1709
3097 0.1716
3098 0.1696
3099 0.1715
3100 0.1694
3101 0.1662
3102 0.1635
3103 0.1575
3104 0.1524
3105 0.1474
3106 0.1415
3107 0.1359
3108 0.1307
3109 0.1237
3110 0.1178
3111 0.1108
3112 0.1043
3113 0.0983
3114 0.0926
3115 0.0862
3116 0.0817
3117 0.0754
3118 0.0721
3119 0.0689
3120 0.065
3121 0.0615
3122 0.0599
3123 0.0545
3124 0.0526
3125 0.0498
3126 0.0478
3127 0.045
3128 0.0426
3129 0.0416
3130 0.0391
3131 0.0381
3132 0.0365
3133 0.0337
3134 0.0327
3135 0.0306
3136 0.0289
3137 0.0284
3138 0.0276
3139 0.0273
3140 0.0261
3141 0.0249
3142 0.0241
3143 0.0225
3144 0.0219
3145 0.0209
3146 0.0197
3147 0.0185
3148 0.0173
3149 0.0175
3150 0.0163
3151 0.0156
3152 0.0152
3153 0.0141
3154 0.0136
3155 0.0126
3156 0.0126
3157 0.0124
3158 0.012
3159 0.0121
3160 0.0122
3161 0.0124
3162 0.0123
3163 0.0117
3164 0.0112
3165 0.0112
3166 0.0118
3167 0.013
3168 0.013
3169 0.0127
3170 0.014
3171 0.0143
3172 0.0142
3173 0.014
3174 0.0144
3175 0.015
3176 0.0161
3177 0.0158
3178 0.0169
3179 0.0177
3180 0.018
3181 0.017
3182 0.0167
3183 0.0161
3184 0.0162
3185 0.0175
3186 0.018
3187 0.018
3188 0.0181
3189 0.0172
3190 0.0171
3191 0.0161
3192 0.017
3193 0.0179
3194 0.0197
3195 0.0208
3196 0.0202
3197 0.0212
3198 0.0234
3199 0.0261
3200 0.027
3201 0.0285
3202 0.0289
3203 0.0308
3204 0.0328
3205 0.0346
3206 0.036
3207 0.0381
3208 0.0391
3209 0.0416
3210 0.0423
3211 0.043
3212 0.0413
3213 0.0422
3214 0.0427
3215 0.0411
3216 0.0407
3217 0.0401
3218 0.0408
3219 0.0392
3220 0.0391
3221 0.0404
3222 0.042
3223 0.0445
3224 0.0469
3225 0.0488
3226 0.0486
3227 0.0489
3228 0.0488
3229 0.0488
3230 0.0467
3231 0.0464
3232 0.0472
3233 0.047
3234 0.0468
3235 0.0454
3236 0.0461
3237 0.0466
3238 0.047
3239 0.0481
3240 0.0498
3241 0.0499
3242 0.0532
3243 0.056
3244 0.0555
3245 0.0577
3246 0.0614
3247 0.0653
3248 0.0681
3249 0.0732
3250 0.0756
3251 0.0796
3252 0.0815
3253 0.0823
3254 0.0815
3255 0.0825
3256 0.0815
3257 0.0807
3258 0.0812
3259 0.0825
3260 0.0835
3261 0.0841
3262 0.0856
3263 0.0872
3264 0.0879
3265 0.0902
3266 0.0907
3267 0.0941
3268 0.0944
3269 0.0962
3270 0.0979
3271 0.0998
3272 0.1021
3273 0.1044
3274 0.1053
3275 0.1088
3276 0.1071
3277 0.1094
3278 0.1115
3279 0.1082
3280 0.1086
3281 0.1083
3282 0.1094
3283 0.1085
3284 0.1106
3285 0.1091
3286 0.1085
3287 0.1067
3288 0.1095
3289 0.1095
3290 0.1066
3291 0.1073
3292 0.1047
3293 0.1046
3294 0.1065
3295 0.1108
3296 0.1098
3297 0.107
3298 0.1036
3299 0.1029
3300 0.0988
3301 0.0949
3302 0.0943
3303 0.0888
3304 0.0861
3305 0.0832
3306 0.0806
3307 0.0771
3308 0.0745
3309 0.0712
3310 0.0658
3311 0.062
3312 0.058
3313 0.0537
3314 0.0513
3315 0.047
3316 0.0446
3317 0.0432
3318 0.0406
3319 0.0404
3320 0.0394
3321 0.0386
3322 0.0373
3323 0.0376
3324 0.0369
3325 0.036
3326 0.034
3327 0.0336
3328 0.0313
3329 0.0291
3330 0.0287
3331 0.0281
3332 0.0274
3333 0.0259
3334 0.026
3335 0.0255
3336 0.0261
3337 0.0262
3338 0.0259
3339 0.027
3340 0.0265
3341 0.0263
3342 0.0265
3343 0.0264
3344 0.026
3345 0.0254
3346 0.0265
3347 0.0254
3348 0.0247
3349 0.0246
3350 0.0243
3351 0.0235
3352 0.0231
3353 0.0228
3354 0.0225
3355 0.0216
3356 0.0218
3357 0.0231
3358 0.0234
3359 0.0228
3360 0.0223
3361 0.022
3362 0.0226
3363 0.0225
3364 0.0216
3365 0.0203
3366 0.0198
3367 0.0201
3368 0.0202
3369 0.0189
3370 0.0171
3371 0.0171
3372 0.0182
3373 0.0193
3374 0.0205
3375 0.0196
3376 0.0192
3377 0.0205
3378 0.0216
3379 0.0222
3380 0.0239
3381 0.0242
3382 0.0249
3383 0.0258
3384 0.0268
3385 0.0277
3386 0.0276
3387 0.0278
3388 0.0291
3389 0.0298
3390 0.0303
3391 0.0297
3392 0.0322
3393 0.0332
3394 0.0352
3395 0.0342
3396 0.0345
3397 0.0364
3398 0.036
3399 0.0356
3400 0.0351
3401 0.034
3402 0.0356
3403 0.0362
3404 0.0373
3405 0.0378
3406 0.0378
3407 0.0375
3408 0.0382
3409 0.0376
3410 0.038
3411 0.0383
3412 0.0396
3413 0.0416
3414 0.0437
3415 0.0439
3416 0.0449
3417 0.0468
3418 0.0503
3419 0.0525
3420 0.0557
3421 0.0559
3422 0.0545
3423 0.0552
3424 0.0553
3425 0.0566
3426 0.0569
3427 0.057
3428 0.0582
3429 0.0621
3430 0.0664
3431 0.0708
3432 0.0744
3433 0.0796
3434 0.0858
3435 0.09
3436 0.0951
3437 0.0995
3438 0.1058
3439 0.1106
3440 0.1182
3441 0.1232
3442 0.1247
3443 0.1268
3444 0.1289
3445 0.1338
3446 0.1366
3447 0.1371
3448 0.1368
3449 0.1383
3450 0.1363
3451 0.1354
3452 0.1364
3453 0.1362
3454 0.1374
3455 0.1363
3456 0.1354
3457 0.1308
3458 0.1279
3459 0.1256
3460 0.1237
3461 0.1204
3462 0.1172
3463 0.1134
3464 0.1103
3465 0.1067
3466 0.1024
3467 0.1028
3468 0.0977
3469 0.0934
3470 0.0882
3471 0.0849
3472 0.078
3473 0.0752
3474 0.0702
3475 0.0687
3476 0.0657
3477 0.0634
3478 0.0618
3479 0.0579
3480 0.057
3481 0.0542
3482 0.0534
3483 0.0516
3484 0.0481
3485 0.0468
3486 0.0449
3487 0.0449
3488 0.0436
3489 0.0416
3490 0.04
3491 0.0376
3492 0.0376
3493 0.0371
3494 0.0355
3495 0.0332
3496 0.0322
3497 0.0311
3498 0.029
3499 0.0274
3500 0.0261
3501 0.0249
3502 0.024
3503 0.0234
3504 0.0231
3505 0.0229
3506 0.0226
3507 0.0211
3508 0.0196
3509 0.0184
3510 0.0178
3511 0.0163
3512 0.016
3513 0.0154
3514 0.0155
3515 0.0151
3516 0.0142
3517 0.0138
3518 0.0133
3519 0.0136
3520 0.0129
3521 0.0125
3522 0.0122
3523 0.0127
3524 0.0125
3525 0.0124
3526 0.0127
3527 0.0127
3528 0.0126
3529 0.0124
3530 0.0128
3531 0.0127
3532 0.0127
3533 0.0122
3534 0.0115
3535 0.0108
3536 0.0113
3537 0.0115
3538 0.0115
3539 0.0111
3540 0.0111
3541 0.0096
3542 0.011
3543 0.012
3544 0.0116
3545 0.012
3546 0.0133
3547 0.014
3548 0.0149
3549 0.0161
3550 0.0169
3551 0.0177
3552 0.0191
3553 0.0196
3554 0.0206
3555 0.0225
3556 0.0249
3557 0.0249
3558 0.0254
3559 0.0265
3560 0.0266
3561 0.0264
3562 0.0272
3563 0.0287
3564 0.0301
3565 0.0307
3566 0.0306
3567 0.0322
3568 0.0326
3569 0.0333
3570 0.0325
3571 0.0339
3572 0.0339
3573 0.0345
3574 0.0356
3575 0.0361
3576 0.0357
3577 0.0384
3578 0.0379
3579 0.0371
3580 0.0371
3581 0.036
3582 0.0374
3583 0.0371
3584 0.0361
3585 0.035
3586 0.0348
3587 0.0343
3588 0.0332
3589 0.0328
3590 0.0309
3591 0.031
3592 0.0309
3593 0.0298
3594 0.0301
3595 0.0304
3596 0.0335
3597 0.0352
3598 0.038
3599 0.0384
3600 0.0381
3601 0.0408
3602 0.0425
3603 0.043
3604 0.0433
3605 0.0452
3606 0.0463
3607 0.0463
3608 0.0461
3609 0.0464
3610 0.0467
3611 0.0477
3612 0.0472
3613 0.047
3614 0.045
3615 0.0465
3616 0.0469
3617 0.0473
3618 0.0462
3619 0.0471
3620 0.0482
3621 0.0508
3622 0.0507
3623 0.0552
3624 0.0566
3625 0.0598
3626 0.064
3627 0.0681
3628 0.0714
3629 0.0762
3630 0.082
3631 0.0829
3632 0.0883
3633 0.0921
3634 0.0973
3635 0.0976
3636 0.0986
3637 0.1026
3638 0.1054
3639 0.1062
3640 0.1095
3641 0.1116
3642 0.1112
3643 0.1118
3644 0.1111
3645 0.1116
3646 0.1134
3647 0.1132
3648 0.1129
3649 0.1133
3650 0.1148
3651 0.115
3652 0.1169
3653 0.1144
3654 0.1138
3655 0.1143
3656 0.1152
3657 0.117
3658 0.1162
3659 0.1153
3660 0.1177
3661 0.1157
3662 0.117
3663 0.1171
3664 0.1182
3665 0.1197
3666 0.1173
3667 0.1145
3668 0.1154
3669 0.1131
3670 0.1107
3671 0.1089
3672 0.1071
3673 0.102
3674 0.101
3675 0.0983
3676 0.094
3677 0.0909
3678 0.0893
3679 0.0841
3680 0.0805
3681 0.0756
3682 0.0724
3683 0.0687
3684 0.0642
3685 0.0601
3686 0.0576
3687 0.055
3688 0.0526
3689 0.0511
3690 0.0482
3691 0.0469
3692 0.044
3693 0.0431
3694 0.0414
3695 0.0391
3696 0.0374
3697 0.0355
3698 0.035
3699 0.0333
3700 0.0329
3701 0.031
3702 0.0293
3703 0.0291
3704 0.0293
3705 0.0284
3706 0.0279
3707 0.0266
3708 0.026
3709 0.026
3710 0.0255
3711 0.0258
3712 0.0265
3713 0.0256
3714 0.0261
3715 0.0263
3716 0.0265
3717 0.0266
3718 0.0269
3719 0.0267
3720 0.0265
3721 0.0262
3722 0.0263
3723 0.0271
3724 0.026
3725 0.0271
3726 0.0267
3727 0.0264
3728 0.0267
3729 0.0266
3730 0.0267
3731 0.0271
3732 0.0265
3733 0.0252
3734 0.0239
3735 0.0233
3736 0.0229
3737 0.0238
3738 0.023
3739 0.0225
3740 0.023
3741 0.0231
3742 0.0228
3743 0.0226
3744 0.0224
3745 0.0233
3746 0.0213
3747 0.0205
3748 0.0198
3749 0.0182
3750 0.0174
3751 0.0165
3752 0.0165
3753 0.0163
3754 0.0163
3755 0.0163
3756 0.016
3757 0.0158
3758 0.0161
3759 0.0176
3760 0.0192
3761 0.0202
3762 0.022
3763 0.0226
3764 0.0249
3765 0.0255
3766 0.0259
3767 0.0264
3768 0.0276
3769 0.0282
3770 0.0281
3771 0.0296
3772 0.0309
3773 0.0319
3774 0.0317
3775 0.0323
3776 0.0333
3777 0.0344
3778 0.0348
3779 0.0342
3780 0.0353
3781 0.0378
3782 0.0392
3783 0.0422
3784 0.0423
3785 0.043
3786 0.0443
3787 0.0463
3788 0.05
3789 0.0524
3790 0.0557
3791 0.0584
3792 0.0606
3793 0.0625
3794 0.0649
3795 0.0672
3796 0.069
3797 0.0697
3798 0.0731
3799 0.0744
3800 0.0769
3801 0.0764
3802 0.0762
3803 0.0779
3804 0.078
3805 0.0795
3806 0.0821
3807 0.0844
3808 0.0858
3809 0.0876
3810 0.0914
3811 0.0936
3812 0.0931
3813 0.0968
3814 0.0972
3815 0.0982
3816 0.102
3817 0.1015
3818 0.101
3819 0.1016
3820 0.1001
3821 0.0983
3822 0.0974
3823 0.0981
3824 0.0999
3825 0.101
3826 0.1063
3827 0.1075
3828 0.1076
3829 0.1079
3830 0.1087
3831 0.1085
3832 0.1102
3833 0.1116
3834 0.1108
3835 0.1088
3836 0.1063
3837 0.1045
3838 0.1044
3839 0.103
3840 0.1015
3841 0.1007
3842 0.0975
3843 0.0932
3844 0.092
3845 0.091
3846 0.0893
3847 0.0867
3848 0.0848
3849 0.0833
3850 0.0833
3851 0.0823
3852 0.0818
3853 0.0787
3854 0.0769
3855 0.0773
3856 0.0738
3857 0.0715
3858 0.0703
3859 0.0675
3860 0.0662
3861 0.0628
3862 0.0617
3863 0.059
3864 0.0585
3865 0.0593
3866 0.0561
3867 0.0523
3868 0.0511
3869 0.0474
3870 0.0466
3871 0.0442
3872 0.0411
3873 0.0406
3874 0.0378
3875 0.0371
3876 0.0353
3877 0.0343
3878 0.0324
3879 0.0303
3880 0.0309
3881 0.0299
3882 0.029
3883 0.0296
3884 0.0285
3885 0.0278
3886 0.0268
3887 0.0267
3888 0.0266
3889 0.0257
3890 0.0255
3891 0.0248
3892 0.0232
3893 0.0221
3894 0.0222
3895 0.0219
3896 0.0216
3897 0.0218
3898 0.0241
3899 0.0241
3900 0.024
3901 0.0246
3902 0.025
3903 0.0239
3904 0.0232
3905 0.0248
3906 0.024
3907 0.0239
3908 0.0252
3909 0.0254
3910 0.0243
3911 0.0261
3912 0.026
3913 0.0246
3914 0.0256
3915 0.0253
3916 0.0248
3917 0.0249
3918 0.0246
3919 0.0255
3920 0.0262
3921 0.0261
3922 0.0269
3923 0.0261
3924 0.027
3925 0.0268
3926 0.0263
3927 0.0271
3928 0.0265
3929 0.0274
3930 0.0277
3931 0.0282
3932 0.0294
3933 0.03
3934 0.0314
3935 0.0315
3936 0.033
3937 0.0319
3938 0.0318
3939 0.0313
3940 0.0314
3941 0.0312
3942 0.0304
3943 0.0296
3944 0.0297
3945 0.0308
3946 0.0322
3947 0.0334
3948 0.0341
3949 0.0346
3950 0.0368
3951 0.0372
3952 0.0383
3953 0.0402
3954 0.0405
3955 0.0412
3956 0.0425
3957 0.0455
3958 0.0509
3959 0.0506
3960 0.0527
3961 0.0548
3962 0.0569
3963 0.0554
3964 0.0568
3965 0.0571
3966 0.057
3967 0.0573
3968 0.0573
3969 0.0571
3970 0.057
3971 0.055
3972 0.056
3973 0.0556
3974 0.0567
3975 0.0569
3976 0.0577
3977 0.0584
3978 0.0609
3979 0.0637
3980 0.0665
3981 0.0702
3982 0.0713
3983 0.0735
3984 0.0753
3985 0.0743
3986 0.0773
3987 0.0786
3988 0.0797
3989 0.0839
3990 0.0881
3991 0.0907
3992 0.092
3993 0.0925
3994 0.093
3995 0.093
3996 0.0942
3997 0.0966
3998 0.0966
3999 0.0972
4000 0.0973
4001 0.0983
4002 0.0997
4003 0.0983
4004 0.0963
4005 0.0961
4006 0.0951
4007 0.0933
4008 0.0944
4009 0.0948
4010 0.092
4011 0.0912
4012 0.0926
4013 0.0927
4014 0.0938
4015 0.0935
4016 0.091
4017 0.09
4018 0.0902
4019 0.0894
4020 0.0869
4021 0.0845
4022 0.0824
4023 0.0809
4024 0.0783
4025 0.0785
4026 0.079
4027 0.0762
4028 0.074
4029 0.0706
4030 0.0691
4031 0.0667
4032 0.0663
4033 0.0663
4034 0.0641
4035 0.0625
4036 0.0609
4037 0.0601
4038 0.0587
4039 0.0565
4040 0.0562
4041 0.0551
4042 0.0527
4043 0.052
4044 0.0513
4045 0.0504
4046 0.0501
4047 0.048
4048 0.0468
4049 0.048
4050 0.0475
4051 0.0476
4052 0.0476
4053 0.0468
4054 0.0442
4055 0.0434
4056 0.0439
4057 0.0431
4058 0.0416
4059 0.0385
4060 0.0369
4061 0.0351
4062 0.0349
4063 0.0343
4064 0.034
4065 0.0329
4066 0.0319
4067 0.0314
4068 0.0297
4069 0.0293
4070 0.0286
4071 0.0272
4072 0.0253
4073 0.0237
4074 0.0231
4075 0.0228
4076 0.0225
4077 0.0217
4078 0.0208
4079 0.0195
4080 0.0194
4081 0.0189
4082 0.0187
4083 0.0184
4084 0.0191
4085 0.0199
4086 0.0198
4087 0.0193
4088 0.0205
4089 0.02
4090 0.0194
4091 0.0212
4092 0.021
4093 0.0215
4094 0.0218
4095 0.0216
4096 0.0219
4097 0.0222
4098 0.0212
4099 0.0203
4100 0.0193
4101 0.0191
4102 0.0192
4103 0.0189
4104 0.0196
4105 0.02
4106 0.0209
4107 0.0223
4108 0.0239
4109 0.0243
4110 0.0249
4111 0.0251
4112 0.0254
4113 0.0242
4114 0.0244
4115 0.0243
4116 0.0237
4117 0.0224
4118 0.0218
4119 0.0229
4120 0.0237
4121 0.0253
4122 0.0259
4123 0.0256
4124 0.0266
4125 0.0268
4126 0.0276
4127 0.0274
4128 0.0269
4129 0.0264
4130 0.0255
4131 0.0248
4132 0.0244
4133 0.025
4134 0.026
4135 0.0269
4136 0.0291
4137 0.03
4138 0.0312
4139 0.0336
4140 0.0345
4141 0.0358
4142 0.0366
4143 0.0396
4144 0.0409
4145 0.043
4146 0.0458
4147 0.0463
4148 0.0467
4149 0.0452
4150 0.0457
4151 0.0454
4152 0.0445
4153 0.0452
4154 0.0446
4155 0.0422
4156 0.0424
4157 0.0406
4158 0.0362
4159 0.0369
4160 0.0363
4161 0.0357
4162 0.0343
4163 0.0332
4164 0.0341
4165 0.0343
4166 0.0345
4167 0.0364
4168 0.0371
4169 0.0368
4170 0.0377
4171 0.0363
4172 0.0371
4173 0.0384
4174 0.0389
4175 0.0401
4176 0.0405
4177 0.0414
4178 0.0427
4179 0.0447
4180 0.0468
4181 0.0499
4182 0.0537
4183 0.058
4184 0.06
4185 0.0632
4186 0.0646
4187 0.0674
4188 0.0722
4189 0.0758
4190 0.0789
4191 0.0842
4192 0.0866
4193 0.0923
4194 0.0941
4195 0.0965
4196 0.0997
4197 0.1035
4198 0.1051
4199 0.1086
4200 0.1112
4201 0.1155
4202 0.1196
4203 0.1192
4204 0.1179
4205 0.1181
4206 0.1202
4207 0.1237
4208 0.1229
4209 0.1242
4210 0.1254
4211 0.1263
4212 0.1234
4213 0.1204
4214 0.1147
4215 0.113
4216 0.1107
4217 0.1057
4218 0.1027
4219 0.0997
4220 0.0947
4221 0.0951
4222 0.0946
4223 0.096
4224 0.0943
4225 0.0915
4226 0.089
4227 0.0901
4228 0.0906
4229 0.0907
4230 0.0893
4231 0.0883
4232 0.0859
4233 0.0861
4234 0.0841
4235 0.0822
4236 0.0824
4237 0.0815
4238 0.0802
4239 0.0801
4240 0.0767
4241 0.0742
4242 0.072
4243 0.0693
4244 0.0677
4245 0.0642
4246 0.0643
4247 0.0614
4248 0.0602
4249 0.0586
4250 0.0583
4251 0.058
4252 0.0579
4253 0.0565
4254 0.0538
4255 0.0524
4256 0.0508
4257 0.0512
4258 0.0478
4259 0.0461
4260 0.0447
4261 0.0427
4262 0.0414
4263 0.0401
4264 0.0396
4265 0.0367
4266 0.0359
4267 0.0342
4268 0.0333
4269 0.033
4270 0.0317
4271 0.0301
4272 0.0274
4273 0.0277
4274 0.0278
4275 0.0258
4276 0.0247
4277 0.0247
4278 0.0251
4279 0.025
4280 0.0254
4281 0.0252
4282 0.0245
4283 0.0242
4284 0.0252
4285 0.0254
4286 0.0253
4287 0.0248
4288 0.0249
4289 0.0258
4290 0.0252
4291 0.0244
4292 0.0237
4293 0.0228
4294 0.0232
4295 0.0228
4296 0.0231
4297 0.0234
4298 0.0225
4299 0.0227
4300 0.0234
4301 0.0233
4302 0.0226
4303 0.0231
4304 0.024
4305 0.025
4306 0.0254
4307 0.0259
4308 0.0279
4309 0.03
4310 0.031
4311 0.03
4312 0.031
4313 0.0326
4314 0.0326
4315 0.0328
4316 0.0331
4317 0.0335
4318 0.0325
4319 0.0345
4320 0.0343
4321 0.0348
4322 0.0355
4323 0.037
4324 0.037
4325 0.0361
4326 0.0367
4327 0.0378
4328 0.0382
4329 0.0388
4330 0.0393
4331 0.0376
4332 0.0381
4333 0.0377
4334 0.0392
4335 0.0397
4336 0.0405
4337 0.0421
4338 0.0437
4339 0.0437
4340 0.0461
4341 0.0469
4342 0.0483
4343 0.0503
4344 0.0494
4345 0.0513
4346 0.0541
4347 0.054
4348 0.0537
4349 0.0545
4350 0.0559
4351 0.0587
4352 0.0603
4353 0.0632
4354 0.065
4355 0.0667
4356 0.0678
4357 0.0697
4358 0.0719
4359 0.0736
4360 0.0745
4361 0.0743
4362 0.0758
4363 0.0771
4364 0.0806
4365 0.0817
4366 0.0814
4367 0.0801
4368 0.0801
4369 0.0786
4370 0.0773
4371 0.0783
4372 0.0794
4373 0.0805
4374 0.0813
4375 0.083
4376 0.0836
4377 0.0844
4378 0.0877
4379 0.0897
4380 0.0921
4381 0.0906
4382 0.0926
4383 0.0917
4384 0.0954
4385 0.0949
4386 0.0938
4387 0.093
4388 0.0941
4389 0.0941
4390 0.0936
4391 0.0928
4392 0.0961
4393 0.0989
4394 0.1014
4395 0.102
4396 0.1049
4397 0.1048
4398 0.1037
4399 0.1038
4400 0.1037
4401 0.1011
4402 0.1005
4403 0.1005
4404 0.0986
4405 0.0988
4406 0.0975
4407 0.0976
4408 0.0959
4409 0.0943
4410 0.0919
4411 0.0906
4412 0.0869
4413 0.0836
4414 0.0833
4415 0.0801
4416 0.077
4417 0.074
4418 0.0707
4419 0.0671
4420 0.0649
4421 0.0616
4422 0.0585
4423 0.0561
4424 0.0526
4425 0.0491
4426 0.0457
4427 0.0438
4428 0.0427
4429 0.0405
4430 0.037
4431 0.0347
4432 0.0332
4433 0.0318
4434 0.0307
4435 0.0303
4436 0.029
4437 0.0285
4438 0.028
4439 0.0279
4440 0.0276
4441 0.0264
4442 0.0262
4443 0.0259
4444 0.0256
4445 0.0249
4446 0.0246
4447 0.0241
4448 0.0233
4449 0.0228
4450 0.0231
4451 0.023
4452 0.0233
4453 0.024
4454 0.0229
4455 0.0217
4456 0.0201
4457 0.02
4458 0.0207
4459 0.0207
4460 0.0199
4461 0.0197
4462 0.0193
4463 0.0197
4464 0.0193
4465 0.0192
4466 0.0187
4467 0.0182
4468 0.018
4469 0.0179
4470 0.017
4471 0.0173
4472 0.0171
4473 0.0169
4474 0.017
4475 0.0171
4476 0.0177
4477 0.0175
4478 0.0173
4479 0.0172
4480 0.0159
4481 0.015
4482 0.0155
4483 0.0153
4484 0.015
4485 0.0154
4486 0.0152
4487 0.0151
4488 0.0143
4489 0.0142
4490 0.0138
4491 0.0142
4492 0.0136
4493 0.0144
4494 0.0136
4495 0.0137
4496 0.015
4497 0.0155
4498 0.0179
4499 0.0183
4500 0.0187
4501 0.0196
4502 0.0196
4503 0.0188
4504 0.0196
4505 0.0185
4506 0.0182
4507 0.0176
4508 0.017
4509 0.0151
4510 0.0144
4511 0.0148
4512 0.0148
4513 0.0153
4514 0.0151
4515 0.0151
4516 0.016
4517 0.016
4518 0.0173
4519 0.0195
4520 0.0207
4521 0.0228
4522 0.0243
4523 0.0267
4524 0.0278
4525 0.0281
4526 0.0293
4527 0.0322
4528 0.0335
4529 0.0377
4530 0.0401
4531 0.0426
4532 0.0457
4533 0.0489
4534 0.0521
4535 0.0543
4536 0.0569
4537 0.0598
4538 0.062
4539 0.0636
4540 0.0631
4541 0.0651
4542 0.0696
4543 0.0706
4544 0.0748
4545 0.0737
4546 0.0732
4547 0.0734
4548 0.0763
4549 0.0776
4550 0.0765
4551 0.0764
4552 0.075
4553 0.0762
4554 0.076
4555 0.0773
4556 0.0782
4557 0.0776
4558 0.0768
4559 0.0755
4560 0.0746
4561 0.0725
4562 0.0709
4563 0.0694
4564 0.0712
4565 0.0731
4566 0.0725
4567 0.0751
4568 0.0763
4569 0.0757
4570 0.0763
4571 0.0765
4572 0.078
4573 0.0804
4574 0.0825
4575 0.0853
4576 0.0899
4577 0.0929
4578 0.0967
4579 0.0993
4580 0.104
4581 0.1057
4582 0.11
4583 0.1135
4584 0.1156
4585 0.1163
4586 0.1211
4587 0.12
4588 0.124
4589 0.1269
4590 0.125
4591 0.128
4592 0.1303
4593 0.1307
4594 0.1296
4595 0.1318
4596 0.1308
4597 0.1305
4598 0.1296
4599 0.1293
4600 0.1264
4601 0.1218
4602 0.1209
4603 0.1185
4604 0.1121
4605 0.1064
4606 0.1007
4607 0.0959
4608 0.0913
4609 0.0868
4610 0.0827
4611 0.0806
4612 0.0781
4613 0.0752
4614 0.0736
4615 0.0713
4616 0.0694
4617 0.068
4618 0.066
4619 0.0646
4620 0.063
4621 0.062
4622 0.0613
4623 0.0595
4624 0.0584
4625 0.0563
4626 0.0544
4627 0.0529
4628 0.049
4629 0.0492
4630 0.0478
4631 0.0455
4632 0.0448
4633 0.0435
4634 0.042
4635 0.0389
4636 0.0372
4637 0.0377
4638 0.0357
4639 0.034
4640 0.0327
4641 0.0314
4642 0.0305
4643 0.0305
4644 0.0299
4645 0.029
4646 0.0274
4647 0.0276
4648 0.0262
4649 0.0262
4650 0.0254
4651 0.0245
4652 0.0233
4653 0.0215
4654 0.0211
4655 0.02
4656 0.0196
4657 0.0188
4658 0.0181
4659 0.0194
4660 0.0186
4661 0.0182
4662 0.0168
4663 0.0168
4664 0.0166
4665 0.0168
4666 0.0167
4667 0.0162
4668 0.0153
4669 0.015
4670 0.0152
4671 0.0152
4672 0.0155
4673 0.0165
4674 0.0162
4675 0.0166
4676 0.0174
4677 0.0173
4678 0.017
4679 0.0163
4680 0.016
4681 0.0156
4682 0.0148
4683 0.014
4684 0.0141
4685 0.0137
4686 0.0142
4687 0.014
4688 0.0149
4689 0.0154
4690 0.0168
4691 0.0157
4692 0.0156
4693 0.0157
4694 0.0161
4695 0.016
4696 0.0158
4697 0.015
4698 0.0151
4699 0.015
4700 0.0156
4701 0.0152
4702 0.0162
4703 0.0164
4704 0.0167
4705 0.017
4706 0.0182
4707 0.0198
4708 0.0201
4709 0.0212
4710 0.0225
4711 0.0224
4712 0.024
4713 0.0242
4714 0.025
4715 0.0259
4716 0.0264
4717 0.027
4718 0.0273
4719 0.0277
4720 0.0279
4721 0.0294
4722 0.0312
4723 0.0344
4724 0.0355
4725 0.0361
4726 0.0381
4727 0.0401
4728 0.0421
4729 0.0438
4730 0.0445
4731 0.0448
4732 0.046
4733 0.0456
4734 0.0457
4735 0.0454
4736 0.045
4737 0.0444
4738 0.0445
4739 0.0452
4740 0.0438
4741 0.0436
4742 0.0428
4743 0.0422
4744 0.0423
4745 0.0415
4746 0.0408
4747 0.0399
4748 0.0405
4749 0.0405
4750 0.0394
4751 0.0392
4752 0.0394
4753 0.0415
4754 0.0432
4755 0.0434
4756 0.0461
4757 0.0451
4758 0.0462
4759 0.0458
4760 0.0459
4761 0.0472
4762 0.0482
4763 0.0484
4764 0.0479
4765 0.0498
4766 0.049
4767 0.0519
4768 0.0525
4769 0.0538
4770 0.0556
4771 0.0561
4772 0.0575
4773 0.0608
4774 0.0606
4775 0.064
4776 0.0679
4777 0.0713
4778 0.0737
4779 0.0764
4780 0.0777
4781 0.0817
4782 0.087
4783 0.0902
4784 0.0924
4785 0.0934
4786 0.0974
4787 0.0995
4788 0.1027
4789 0.1077
4790 0.1113
4791 0.1132
4792 0.1208
4793 0.1246
4794 0.1257
4795 0.1303
4796 0.1323
4797 0.1354
4798 0.1392
4799 0.1411
4800 0.1448
4801 0.1446
4802 0.1438
4803 0.1417
4804 0.1375
4805 0.1342
4806 0.1312
4807 0.1259
4808 0.1228
4809 0.1225
4810 0.1181
4811 0.1138
4812 0.1115
4813 0.1094
4814 0.1051
4815 0.1032
4816 0.1003
4817 0.0965
4818 0.0946
4819 0.0919
4820 0.0887
4821 0.0857
4822 0.084
4823 0.0803
4824 0.0783
4825 0.0769
4826 0.0762
4827 0.0737
4828 0.0705
4829 0.0672
4830 0.0631
4831 0.0603
4832 0.0572
4833 0.0536
4834 0.0503
4835 0.0493
4836 0.0462
4837 0.045
4838 0.0435
4839 0.0424
4840 0.041
4841 0.0393
4842 0.0385
4843 0.0391
4844 0.04
4845 0.0385
4846 0.0387
4847 0.0371
4848 0.0351
4849 0.0338
4850 0.0339
4851 0.0324
4852 0.0325
4853 0.032
4854 0.0314
4855 0.0312
4856 0.0311
4857 0.0304
4858 0.0288
4859 0.0286
4860 0.0285
4861 0.0271
4862 0.0268
4863 0.0255
4864 0.0245
4865 0.0244
4866 0.024
4867 0.0229
4868 0.0227
4869 0.0224
4870 0.0222
4871 0.0216
4872 0.0204
4873 0.0199
4874 0.02
4875 0.02
4876 0.0193
4877 0.0205
4878 0.0207
4879 0.0202
4880 0.0201
4881 0.0194
4882 0.0187
4883 0.0188
4884 0.0189
4885 0.0183
4886 0.0193
4887 0.0194
4888 0.0186
4889 0.0178
4890 0.0183
4891 0.0187
4892 0.0196
4893 0.0207
4894 0.0225
4895 0.0229
4896 0.0224
4897 0.0223
4898 0.023
4899 0.0228
4900 0.0237
4901 0.0243
4902 0.0251
4903 0.0257
4904 0.0285
4905 0.0296
4906 0.0303
4907 0.0312
4908 0.0315
4909 0.032
4910 0.034
4911 0.0354
4912 0.0373
4913 0.0375
4914 0.0376
4915 0.0389
4916 0.0401
4917 0.042
4918 0.0422
4919 0.0435
4920 0.0439
4921 0.0424
4922 0.0421
4923 0.0425
4924 0.0424
4925 0.0419
4926 0.0403
4927 0.0402
4928 0.0403
4929 0.0403
4930 0.0434
4931 0.0445
4932 0.0471
4933 0.0489
4934 0.0505
4935 0.0503
4936 0.0515
4937 0.0531
4938 0.0537
4939 0.0561
4940 0.0553
4941 0.0579
4942 0.0595
4943 0.0597
4944 0.0615
4945 0.0643
4946 0.0667
4947 0.0698
4948 0.072
4949 0.0721
4950 0.0725
4951 0.073
4952 0.0742
4953 0.0771
4954 0.0781
4955 0.0796
4956 0.0806
4957 0.0826
4958 0.0847
4959 0.0874
4960 0.0879
4961 0.0884
4962 0.0895
4963 0.0927
4964 0.0938
4965 0.0926
4966 0.0924
4967 0.0908
4968 0.0934
4969 0.0925
4970 0.0927
4971 0.0918
4972 0.0912
4973 0.0937
4974 0.0978
4975 0.0966
4976 0.0972
4977 0.0943
4978 0.095
4979 0.0969
4980 0.0975
4981 0.098
4982 0.0954
4983 0.0933
4984 0.0918
4985 0.0918
4986 0.0897
4987 0.0881
4988 0.0881
4989 0.0886
4990 0.0903
4991 0.0919
4992 0.0886
4993 0.0884
4994 0.0864
4995 0.0846
4996 0.084
4997 0.0836
4998 0.0825
4999 0.0822
5000 0.0825
5001 0.081
5002 0.0806
5003 0.0791
5004 0.0784
5005 0.0752
5006 0.0742
5007 0.0738
5008 0.072
5009 0.0714
5010 0.0701
5011 0.0677
5012 0.0661
5013 0.0648
5014 0.0621
5015 0.0608
5016 0.059
5017 0.0563
5018 0.0542
5019 0.0527
5020 0.0519
5021 0.0514
5022 0.0489
5023 0.0473
5024 0.0451
5025 0.0446
5026 0.0423
5027 0.0422
5028 0.041
5029 0.0408
5030 0.0407
5031 0.041
5032 0.039
5033 0.0378
5034 0.0384
5035 0.037
5036 0.0364
5037 0.036
5038 0.0356
5039 0.0353
5040 0.0346
5041 0.0341
5042 0.0331
5043 0.0328
5044 0.033
5045 0.0345
5046 0.035
5047 0.0364
5048 0.0373
5049 0.0362
5050 0.0369
5051 0.0369
5052 0.0365
5053 0.0366
5054 0.0361
5055 0.0367
5056 0.0359
5057 0.0358
5058 0.0354
5059 0.0372
5060 0.037
5061 0.036
5062 0.0382
5063 0.0382
5064 0.0384
5065 0.0383
5066 0.0387
5067 0.0378
5068 0.0375
5069 0.0356
5070 0.0371
5071 0.0373
5072 0.0384
5073 0.0372
5074 0.0381
5075 0.0374
5076 0.0367
5077 0.0365
5078 0.0369
5079 0.0359
5080 0.0347
5081 0.0336
5082 0.0342
5083 0.0323
5084 0.032
5085 0.0311
5086 0.0308
5087 0.0308
5088 0.0297
5089 0.0311
5090 0.0313
5091 0.0318
5092 0.0316
5093 0.0321
5094 0.0325
5095 0.0324
5096 0.0335
5097 0.0342
5098 0.034
5099 0.0347
5100 0.0378
5101 0.0393
5102 0.0403
5103 0.0423
5104 0.0435
5105 0.0445
5106 0.0455
5107 0.0465
5108 0.0505
5109 0.0527
5110 0.0569
5111 0.0578
5112 0.0583
5113 0.0617
5114 0.0638
5115 0.0663
5116 0.0676
5117 0.0701
5118 0.0712
5119 0.0717
5120 0.0685
5121 0.0665
5122 0.068
5123 0.0671
5124 0.0672
5125 0.0672
5126 0.0688
5127 0.0678
5128 0.0697
5129 0.0707
5130 0.073
5131 0.0737
5132 0.0748
5133 0.0734
5134 0.0742
5135 0.0753
5136 0.0733
5137 0.0735
5138 0.0736
5139 0.0749
5140 0.0766
5141 0.0763
5142 0.0781
5143 0.0786
5144 0.0798
5145 0.082
5146 0.0814
5147 0.0839
5148 0.0829
5149 0.0792
5150 0.0789
5151 0.0789
5152 0.0793
5153 0.0799
5154 0.0795
5155 0.0782
5156 0.0752
5157 0.0767
5158 0.0772
5159 0.077
5160 0.0745
5161 0.0737
5162 0.073
5163 0.0719
5164 0.0705
5165 0.0693
5166 0.0693
5167 0.0672
5168 0.0675
5169 0.0666
5170 0.0642
5171 0.0635
5172 0.0645
5173 0.0651
5174 0.0655
5175 0.0637
5176 0.0623
5177 0.0619
5178 0.061
5179 0.0596
5180 0.0591
5181 0.0586
5182 0.0569
5183 0.0555
5184 0.0542
5185 0.0524
5186 0.0516
5187 0.0509
5188 0.0519
5189 0.0505
5190 0.0507
5191 0.0497
5192 0.0483
5193 0.0474
5194 0.0478
5195 0.0471
5196 0.0467
5197 0.0458
5198 0.0456
5199 0.0454
5200 0.0458
5201 0.0447
5202 0.0442
5203 0.0445
5204 0.0453
5205 0.0427
5206 0.0417
5207 0.0405
5208 0.0395
5209 0.0382
5210 0.0386
5211 0.0375
5212 0.0361
5213 0.0341
5214 0.033
5215 0.0325
5216 0.0327
5217 0.0322
5218 0.0307
5219 0.0326
5220 0.0319
5221 0.031
5222 0.031
5223 0.0312
5224 0.0312
5225 0.0308
5226 0.0307
5227 0.032
5228 0.0333
5229 0.0358
5230 0.0377
5231 0.0382
5232 0.0369
5233 0.0376
5234 0.0382
5235 0.0385
5236 0.0406
5237 0.0401
5238 0.0423
5239 0.043
5240 0.0448
5241 0.046
5242 0.0478
5243 0.0504
5244 0.0536
5245 0.0555
5246 0.0551
5247 0.0584
5248 0.0607
5249 0.0611
5250 0.0621
5251 0.0612
5252 0.0637
5253 0.0651
5254 0.0662
5255 0.0679
5256 0.0664
5257 0.0664
5258 0.0668
5259 0.0669
5260 0.0676
5261 0.0667
5262 0.067
5263 0.0654
5264 0.0643
5265 0.0636
5266 0.0637
5267 0.0641
5268 0.0652
5269 0.0627
5270 0.0626
5271 0.063
5272 0.0622
5273 0.0615
5274 0.0612
5275 0.0612
5276 0.062
5277 0.0606
5278 0.059
5279 0.0577
5280 0.0573
5281 0.0562
5282 0.0572
5283 0.0589
5284 0.0602
5285 0.0625
5286 0.0611
5287 0.059
5288 0.0604
5289 0.0594
5290 0.0586
5291 0.0581
5292 0.0601
5293 0.0624
5294 0.0619
5295 0.0621
5296 0.0618
5297 0.0603
5298 0.0593
5299 0.0588
5300 0.0568
5301 0.0577
5302 0.0578
5303 0.0577
5304 0.0581
5305 0.0605
5306 0.0623
5307 0.063
5308 0.064
5309 0.0643
5310 0.0638
5311 0.063
5312 0.0628
5313 0.0608
5314 0.059
5315 0.0586
5316 0.0599
5317 0.0592
5318 0.0596
5319 0.0602
5320 0.0597
5321 0.0592
5322 0.0597
5323 0.0603
5324 0.0598
5325 0.057
5326 0.0556
5327 0.055
5328 0.0552
5329 0.0558
5330 0.0561
5331 0.0542
5332 0.0538
5333 0.0548
5334 0.0557
5335 0.0551
5336 0.0532
5337 0.0518
5338 0.0497
5339 0.0484
5340 0.0458
5341 0.0451
5342 0.0431
5343 0.0422
5344 0.0399
5345 0.0392
5346 0.0386
5347 0.0369
5348 0.0354
5349 0.035
5350 0.0341
5351 0.0333
5352 0.0335
5353 0.0321
5354 0.0303
5355 0.0303
5356 0.0292
5357 0.0277
5358 0.0276
5359 0.0267
5360 0.0277
5361 0.0281
5362 0.0296
5363 0.0305
5364 0.031
5365 0.0312
5366 0.0331
5367 0.033
5368 0.033
5369 0.0356
5370 0.0363
5371 0.0368
5372 0.0381
5373 0.0393
5374 0.0418
5375 0.0438
5376 0.044
5377 0.0433
5378 0.0449
5379 0.0451
5380 0.0468
5381 0.0472
5382 0.0473
5383 0.0481
5384 0.0477
5385 0.0482
5386 0.0468
5387 0.0458
5388 0.0451
5389 0.0443
5390 0.0435
5391 0.0427
5392 0.0429
5393 0.0401
5394 0.0395
5395 0.0396
5396 0.0404
5397 0.0395
5398 0.0388
5399 0.0378
5400 0.0381
5401 0.0387
5402 0.038
5403 0.0379
5404 0.0381
5405 0.038
5406 0.0387
5407 0.0389
5408 0.0384
5409 0.0384
5410 0.0405
5411 0.0424
5412 0.0435
5413 0.0444
5414 0.0442
5415 0.0435
5416 0.0453
5417 0.046
5418 0.046
5419 0.0462
5420 0.0467
5421 0.0473
5422 0.0483
5423 0.0479
5424 0.0487
5425 0.0489
5426 0.0486
5427 0.0475
5428 0.0468
5429 0.0459
5430 0.0458
5431 0.0451
5432 0.0442
5433 0.0429
5434 0.0448
5435 0.0451
5436 0.0448
5437 0.0431
5438 0.0453
5439 0.0458
5440 0.0486
5441 0.0498
5442 0.0501
5443 0.0502
5444 0.0519
5445 0.0551
5446 0.0591
5447 0.0605
5448 0.0607
5449 0.0628
5450 0.0653
5451 0.0688
5452 0.0721
5453 0.0741
5454 0.0779
5455 0.0798
5456 0.0834
5457 0.0847
5458 0.0867
5459 0.0876
5460 0.0907
5461 0.0903
5462 0.0885
5463 0.0872
5464 0.0882
5465 0.0856
5466 0.0828
5467 0.0802
5468 0.0799
5469 0.0777
5470 0.0784
5471 0.0771
5472 0.0763
5473 0.0755
5474 0.0769
5475 0.078
5476 0.078
5477 0.0799
5478 0.0809
5479 0.081
5480 0.0801
5481 0.082
5482 0.0812
5483 0.0825
5484 0.0803
5485 0.0804
5486 0.0796
5487 0.0796
5488 0.0783
5489 0.0779
5490 0.0782
5491 0.0815
5492 0.0812
5493 0.0827
5494 0.0805
5495 0.0789
5496 0.0761
5497 0.0747
5498 0.0742
5499 0.0724
5500 0.0726
5501 0.0723
5502 0.071
5503 0.0694
5504 0.0667
5505 0.0649
5506 0.0646
5507 0.0654
5508 0.0649
5509 0.0666
5510 0.0676
5511 0.0666
5512 0.0666
5513 0.066
5514 0.0661
5515 0.0657
5516 0.0627
5517 0.0605
5518 0.0567
5519 0.0539
5520 0.0516
5521 0.0494
5522 0.0481
5523 0.0445
5524 0.0416
5525 0.0393
5526 0.0373
5527 0.0349
5528 0.0339
5529 0.0323
5530 0.032
5531 0.0309
5532 0.0309
5533 0.0294
5534 0.0286
5535 0.029
5536 0.0289
5537 0.0284
5538 0.0288
5539 0.0286
5540 0.0287
5541 0.0288
5542 0.0294
5543 0.0294
5544 0.0311
5545 0.0318
5546 0.0349
5547 0.0352
5548 0.0375
5549 0.0395
5550 0.0391
5551 0.0397
5552 0.0404
5553 0.0416
5554 0.0418
5555 0.0427
5556 0.0429
5557 0.0451
5558 0.0465
5559 0.0462
5560 0.0472
5561 0.0475
5562 0.0476
5563 0.0485
5564 0.0488
5565 0.0489
5566 0.0474
5567 0.0469
5568 0.0478
5569 0.0482
5570 0.0477
5571 0.048
5572 0.0475
5573 0.0466
5574 0.0467
5575 0.0464
5576 0.0474
5577 0.0465
5578 0.0453
5579 0.0437
5580 0.0436
5581 0.0431
5582 0.0441
5583 0.0428
5584 0.0451
5585 0.046
5586 0.0453
5587 0.0428
5588 0.043
5589 0.041
5590 0.0404
5591 0.0414
5592 0.0413
5593 0.0426
5594 0.0423
5595 0.0407
5596 0.0411
5597 0.0404
5598 0.0404
5599 0.041
5600 0.0409
5601 0.0421
5602 0.0444
5603 0.0456
5604 0.0456
5605 0.0462
5606 0.0449
5607 0.0434
5608 0.0432
5609 0.0414
5610 0.041
5611 0.0411
5612 0.0426
5613 0.0445
5614 0.0447
5615 0.0449
5616 0.0462
5617 0.0453
5618 0.0469
5619 0.0469
5620 0.0485
5621 0.05
5622 0.0511
5623 0.0499
5624 0.0508
5625 0.0503
5626 0.0486
5627 0.0478
5628 0.0461
5629 0.0463
5630 0.0491
5631 0.0505
5632 0.0507
5633 0.0511
5634 0.0517
5635 0.0528
5636 0.0549
5637 0.0544
5638 0.0538
5639 0.055
5640 0.057
5641 0.0598
5642 0.0602
5643 0.0609
5644 0.0635
5645 0.0656
5646 0.0673
5647 0.0682
5648 0.0703
5649 0.0711
5650 0.072
5651 0.0716
5652 0.0748
5653 0.0751
5654 0.0773
5655 0.0785
5656 0.0803
5657 0.0817
5658 0.0808
5659 0.0823
5660 0.0808
5661 0.0806
5662 0.0801
5663 0.0802
5664 0.0793
5665 0.0776
5666 0.0762
5667 0.0755
5668 0.0729
5669 0.0709
5670 0.069
5671 0.0693
5672 0.068
5673 0.0672
5674 0.0662
5675 0.0648
5676 0.0635
5677 0.0616
5678 0.059
5679 0.0587
5680 0.0573
5681 0.0553
5682 0.054
5683 0.054
5684 0.0522
5685 0.0533
5686 0.0538
5687 0.0531
5688 0.052
5689 0.0521
5690 0.0531
5691 0.0519
5692 0.0535
5693 0.0537
5694 0.0553
5695 0.0534
5696 0.0526
5697 0.0528
5698 0.0549
5699 0.0561
5700 0.0575
5701 0.0579
5702 0.0586
5703 0.0588
5704 0.0609
5705 0.0591
5706 0.059
5707 0.0574
5708 0.0568
5709 0.0576
5710 0.0581
5711 0.0586
5712 0.0569
5713 0.0554
5714 0.0551
5715 0.0552
5716 0.0567
5717 0.056
5718 0.0558
5719 0.0545
5720 0.0544
5721 0.0528
5722 0.051
5723 0.0498
5724 0.0477
5725 0.0465
5726 0.0455
5727 0.045
5728 0.0439
5729 0.0443
5730 0.0455
5731 0.0444
5732 0.0439
5733 0.0437
5734 0.0437
5735 0.0437
5736 0.0454
5737 0.0476
5738 0.0475
5739 0.0503
5740 0.0507
5741 0.0503
5742 0.0503
5743 0.0507
5744 0.0525
5745 0.0519
5746 0.0522
5747 0.0543
5748 0.055
5749 0.0538
5750 0.0523
5751 0.0526
5752 0.0508
5753 0.0509
5754 0.0502
5755 0.05
5756 0.0497
5757 0.0496
5758 0.0493
5759 0.0483
5760 0.0486
5761 0.048
5762 0.0482
5763 0.0478
5764 0.0468
5765 0.0473
5766 0.0479
5767 0.0489
5768 0.0494
5769 0.0497
5770 0.05
5771 0.0512
5772 0.0513
5773 0.0489
5774 0.0486
5775 0.0476
5776 0.0443
5777 0.0444
5778 0.0434
5779 0.0431
5780 0.043
5781 0.0464
5782 0.0462
5783 0.0453
5784 0.0454
5785 0.0465
5786 0.0462
5787 0.0468
5788 0.0466
5789 0.0476
5790 0.0492
5791 0.0503
5792 0.0506
5793 0.0548
5794 0.0557
5795 0.0565
5796 0.0579
5797 0.058
5798 0.0598
5799 0.0596
5800 0.0622
5801 0.0631
5802 0.0652
5803 0.0645
5804 0.0651
5805 0.0648
5806 0.0647
5807 0.0636
5808 0.0633
5809 0.0638
5810 0.0643
5811 0.0639
5812 0.0624
5813 0.0618
5814 0.0627
5815 0.0636
5816 0.0657
5817 0.0644
5818 0.0641
5819 0.0619
5820 0.0599
5821 0.0612
5822 0.059
5823 0.0603
5824 0.059
5825 0.059
5826 0.0574
5827 0.0589
5828 0.0607
5829 0.0607
5830 0.0612
5831 0.0611
5832 0.0591
5833 0.0563
5834 0.0556
5835 0.0554
5836 0.0549
5837 0.0561
5838 0.0534
5839 0.0524
5840 0.0509
5841 0.0512
5842 0.0516
5843 0.0515
5844 0.0504
5845 0.0527
5846 0.0508
5847 0.05
5848 0.0499
5849 0.0484
5850 0.0493
5851 0.0494
5852 0.0495
5853 0.0491
5854 0.0476
5855 0.0441
5856 0.0435
5857 0.0442
5858 0.046
5859 0.0462
5860 0.0471
5861 0.0477
5862 0.0491
5863 0.0501
5864 0.0537
5865 0.0551
5866 0.0566
5867 0.0579
5868 0.0588
5869 0.0595
5870 0.0618
5871 0.0636
5872 0.0649
5873 0.065
5874 0.0643
5875 0.0623
5876 0.0613
5877 0.0607
5878 0.0604
5879 0.0597
5880 0.06
5881 0.0599
5882 0.0604
5883 0.0613
5884 0.0588
5885 0.0567
5886 0.0565
5887 0.0566
5888 0.0563
5889 0.0577
5890 0.0596
5891 0.0594
5892 0.0593
5893 0.0595
5894 0.0579
5895 0.0571
5896 0.0564
5897 0.0565
5898 0.0564
5899 0.0578
5900 0.0557
5901 0.0557
5902 0.0567
5903 0.0584
5904 0.0584
5905 0.0592
5906 0.0602
5907 0.0605
5908 0.0599
5909 0.0613
5910 0.0617
5911 0.0615
5912 0.062
5913 0.0626
5914 0.061
5915 0.0594
5916 0.0597
5917 0.0597
5918 0.0592
5919 0.0563
5920 0.0542
5921 0.0524
5922 0.0494
5923 0.0474
5924 0.0449
5925 0.0449
5926 0.0434
5927 0.0423
5928 0.0413
5929 0.0402
5930 0.0383
5931 0.0386
5932 0.0383
5933 0.0375
5934 0.036
5935 0.035
5936 0.0361
5937 0.0358
5938 0.0346
5939 0.0341
5940 0.0334
5941 0.0335
5942 0.0327
5943 0.035
5944 0.0345
5945 0.0349
5946 0.0348
5947 0.0344
5948 0.0354
5949 0.0365
5950 0.0357
5951 0.0349
5952 0.035
5953 0.0336
5954 0.0327
5955 0.0323
5956 0.0314
5957 0.0318
5958 0.0337
5959 0.0326
5960 0.0334
5961 0.0337
5962 0.0333
5963 0.0336
5964 0.0326
5965 0.0323
5966 0.0335
5967 0.0343
5968 0.0346
5969 0.0347
5970 0.0349
5971 0.0352
5972 0.0352
5973 0.036
5974 0.0362
5975 0.0365
5976 0.0379
5977 0.039
5978 0.0392
5979 0.0418
5980 0.0437
5981 0.0436
5982 0.0448
5983 0.0455
5984 0.0459
5985 0.0464
5986 0.0463
5987 0.0478
5988 0.0485
5989 0.0505
5990 0.0519
5991 0.0558
5992 0.0592
5993 0.0629
5994 0.0644
5995 0.0669
5996 0.0675
5997 0.068
5998 0.0676
5999 0.0714
