Steps Infectivity
1 0.098
2 0.096
3 0.084
4 0.0908
5 0.0868
6 0.0896
7 0.0904
8 0.0876
9 0.084
10 0.0824
11 0.0876
12 0.0804
13 0.0892
14 0.0936
15 0.1
16 0.0956
17 0.0936
18 0.0868
19 0.092
20 0.0844
21 0.0948
22 0.0952
23 0.0992
24 0.0944
25 0.0832
26 0.0716
27 0.0716
28 0.078
29 0.0752
30 0.0748
31 0.0756
32 0.0776
33 0.0792
34 0.08
35 0.0784
36 0.0752
37 0.0792
38 0.0868
39 0.0828
40 0.0784
41 0.0812
42 0.0912
43 0.094
44 0.098
45 0.0996
46 0.0908
47 0.0868
48 0.082
49 0.0908
50 0.1056
51 0.1056
52 0.1088
53 0.11
54 0.1064
55 0.1028
56 0.1028
57 0.0972
58 0.1052
59 0.1196
60 0.1244
61 0.114
62 0.1176
63 0.1156
64 0.1172
65 0.114
66 0.1152
67 0.1136
68 0.1108
69 0.1216
70 0.1168
71 0.104
72 0.1072
73 0.1064
74 0.1108
75 0.1064
76 0.0988
77 0.1044
78 0.102
79 0.1032
80 0.1064
81 0.1064
82 0.0968
83 0.0984
84 0.1036
85 0.1052
86 0.108
87 0.1136
88 0.1104
89 0.118
90 0.1204
91 0.1144
92 0.1168
93 0.1276
94 0.1172
95 0.1192
96 0.112
97 0.1152
98 0.1108
99 0.1128
100 0.12
101 0.1252
102 0.1144
103 0.124
104 0.1252
105 0.124
106 0.1264
107 0.134
108 0.1356
109 0.1284
110 0.1212
111 0.1228
112 0.1252
113 0.124
114 0.126
115 0.1148
116 0.1172
117 0.1164
118 0.1072
119 0.108
120 0.1144
121 0.11
122 0.1132
123 0.118
124 0.1152
125 0.1232
126 0.1208
127 0.112
128 0.1048
129 0.1072
130 0.1076
131 0.0984
132 0.0972
133 0.1024
134 0.1028
135 0.1008
136 0.0992
137 0.0916
138 0.0932
139 0.096
140 0.0928
141 0.1
142 0.1024
143 0.1064
144 0.1012
145 0.1068
146 0.102
147 0.0964
148 0.0996
149 0.1096
150 0.1048
151 0.1032
152 0.1056
153 0.0996
154 0.098
155 0.0892
156 0.0864
157 0.0916
158 0.094
159 0.0896
160 0.0868
161 0.0868
162 0.0908
163 0.0916
164 0.0984
165 0.0988
166 0.1004
167 0.1052
168 0.0984
169 0.0916
170 0.0844
171 0.0804
172 0.0736
173 0.0772
174 0.0752
175 0.0684
176 0.0664
177 0.0736
178 0.082
179 0.082
180 0.0944
181 0.0936
182 0.0968
183 0.0856
184 0.0948
185 0.092
186 0.0944
187 0.0992
188 0.102
189 0.1048
190 0.1144
191 0.1176
192 0.1144
193 0.112
194 0.1112
195 0.106
196 0.106
197 0.1108
198 0.1104
199 0.1064
200 0.1064
201 0.1064
202 0.0968
203 0.096
204 0.0948
205 0.098
206 0.1
207 0.0956
208 0.0984
209 0.1032
210 0.1036
211 0.1068
212 0.0988
213 0.0956
214 0.0932
215 0.0944
216 0.0948
217 0.0864
218 0.0916
219 0.0932
220 0.0864
221 0.0896
222 0.0884
223 0.0916
224 0.0784
225 0.088
226 0.0964
227 0.0916
228 0.0856
229 0.0868
230 0.1016
231 0.096
232 0.1032
233 0.112
234 0.108
235 0.1072
236 0.1172
237 0.1124
238 0.1024
239 0.1048
240 0.1104
241 0.1128
242 0.1096
243 0.1108
244 0.106
245 0.1012
246 0.1056
247 0.1036
248 0.1052
249 0.102
250 0.1092
251 0.1052
252 0.1084
253 0.1084
254 0.1032
255 0.1036
256 0.0864
257 0.09
258 0.0956
259 0.0984
260 0.0908
261 0.088
262 0.0852
263 0.0816
264 0.0808
265 0.0944
266 0.0844
267 0.084
268 0.08
269 0.0756
270 0.0752
271 0.0832
272 0.0888
273 0.0844
274 0.0868
275 0.0948
276 0.096
277 0.0968
278 0.1016
279 0.1108
280 0.1016
281 0.0964
282 0.1076
283 0.1096
284 0.1136
285 0.1024
286 0.1056
287 0.1032
288 0.0964
289 0.0936
290 0.0968
291 0.0988
292 0.0996
293 0.1084
294 0.1176
295 0.0996
296 0.0932
297 0.0944
298 0.0936
299 0.0928
300 0.094
301 0.0984
302 0.0976
303 0.0956
304 0.096
305 0.1032
306 0.1184
307 0.1216
308 0.1228
309 0.1148
310 0.1164
311 0.1132
312 0.1132
313 0.1164
314 0.1212
315 0.1224
316 0.12
317 0.1176
318 0.1072
319 0.0996
320 0.0956
321 0.0896
322 0.0884
323 0.0992
324 0.0836
325 0.0908
326 0.0888
327 0.0844
328 0.09
329 0.0972
330 0.0968
331 0.1004
332 0.1
333 0.0944
334 0.0904
335 0.0872
336 0.0948
337 0.0972
338 0.0952
339 0.09
340 0.0908
341 0.0952
342 0.1068
343 0.1096
344 0.1108
345 0.1152
346 0.1176
347 0.1172
348 0.1196
349 0.1256
350 0.1216
351 0.118
352 0.1116
353 0.104
354 0.0964
355 0.1088
356 0.1068
357 0.1056
358 0.1156
359 0.118
360 0.12
361 0.1228
362 0.1176
363 0.1176
364 0.116
365 0.1108
366 0.1176
367 0.1208
368 0.1192
369 0.1292
370 0.1324
371 0.1364
372 0.128
373 0.1232
374 0.1292
375 0.128
376 0.1292
377 0.1208
378 0.114
379 0.1172
380 0.1196
381 0.1192
382 0.1232
383 0.1208
384 0.1084
385 0.1052
386 0.1028
387 0.108
388 0.1144
389 0.1084
390 0.106
391 0.1096
392 0.1132
393 0.116
394 0.11
395 0.1096
396 0.1108
397 0.1188
398 0.106
399 0.1016
400 0.106
401 0.1112
402 0.1108
403 0.1056
404 0.1076
405 0.1092
406 0.1072
407 0.1168
408 0.118
409 0.1064
410 0.104
411 0.1064
412 0.108
413 0.1128
414 0.1016
415 0.1048
416 0.094
417 0.0956
418 0.0976
419 0.0996
420 0.104
421 0.0896
422 0.0852
423 0.0884
424 0.0932
425 0.1024
426 0.1024
427 0.1016
428 0.1116
429 0.1056
430 0.1104
431 0.114
432 0.1192
433 0.1092
434 0.1084
435 0.1104
436 0.1068
437 0.1052
438 0.104
439 0.1068
440 0.0984
441 0.0932
442 0.0876
443 0.0832
444 0.0696
445 0.0628
446 0.0692
447 0.0764
448 0.0784
449 0.078
450 0.078
451 0.0724
452 0.0692
453 0.0796
454 0.084
455 0.0884
456 0.092
457 0.0828
458 0.0864
459 0.0868
460 0.0824
461 0.0788
462 0.0724
463 0.0756
464 0.072
465 0.0728
466 0.0684
467 0.072
468 0.078
469 0.0776
470 0.0784
471 0.0804
472 0.0776
473 0.08
474 0.08
475 0.0784
476 0.088
477 0.0856
478 0.09
479 0.0908
480 0.1016
481 0.0944
482 0.094
483 0.1056
484 0.108
485 0.1012
486 0.1024
487 0.0924
488 0.1104
489 0.1128
490 0.1108
491 0.11
492 0.1092
493 0.1028
494 0.0972
495 0.108
496 0.0984
497 0.0952
498 0.0872
499 0.0992
500 0.0984
501 0.0968
502 0.1044
503 0.1088
504 0.1004
505 0.0996
506 0.0928
507 0.1024
508 0.1108
509 0.11
510 0.114
511 0.1196
512 0.1184
513 0.1068
514 0.0932
515 0.102
516 0.1004
517 0.1088
518 0.1084
519 0.1076
520 0.1096
521 0.1104
522 0.1088
523 0.1108
524 0.1092
525 0.1136
526 0.12
527 0.1192
528 0.122
529 0.1184
530 0.1308
531 0.1304
532 0.1248
533 0.1216
534 0.1184
535 0.1288
536 0.1288
537 0.1232
538 0.1104
539 0.1132
540 0.1148
541 0.1232
542 0.1272
543 0.118
544 0.11
545 0.1128
546 0.122
547 0.1224
548 0.1236
549 0.1136
550 0.1056
551 0.1124
552 0.1124
553 0.114
554 0.118
555 0.1164
556 0.1248
557 0.1256
558 0.1212
559 0.1192
560 0.126
561 0.124
562 0.124
563 0.1216
564 0.116
565 0.1192
566 0.1176
567 0.1176
568 0.1152
569 0.1036
570 0.1048
571 0.108
572 0.1072
573 0.1056
574 0.1036
575 0.0924
576 0.0996
577 0.1072
578 0.106
579 0.116
580 0.1112
581 0.108
582 0.1088
583 0.1112
584 0.1124
585 0.11
586 0.108
587 0.1032
588 0.096
589 0.0888
590 0.1032
591 0.1096
592 0.1128
593 0.1108
594 0.1236
595 0.1332
596 0.1364
597 0.1296
598 0.1212
599 0.1256
600 0.1228
601 0.124
602 0.1236
603 0.1332
604 0.1276
605 0.1264
606 0.1356
607 0.124
608 0.12
609 0.1212
610 0.12
611 0.1236
612 0.116
613 0.1232
614 0.1232
615 0.1172
616 0.1188
617 0.1076
618 0.1028
619 0.1128
620 0.11
621 0.1068
622 0.1112
623 0.1156
624 0.1124
625 0.1164
626 0.1032
627 0.0984
628 0.1044
629 0.0972
630 0.0956
631 0.0956
632 0.0876
633 0.0976
634 0.0964
635 0.0996
636 0.108
637 0.0996
638 0.1048
639 0.1036
640 0.1104
641 0.11
642 0.1104
643 0.1108
644 0.1044
645 0.1072
646 0.114
647 0.112
648 0.1036
649 0.1048
650 0.1024
651 0.1012
652 0.108
653 0.1084
654 0.1184
655 0.1212
656 0.1132
657 0.108
658 0.1084
659 0.1072
660 0.112
661 0.1136
662 0.1124
663 0.116
664 0.1112
665 0.106
666 0.1064
667 0.1136
668 0.1076
669 0.1112
670 0.1156
671 0.1248
672 0.1336
673 0.1292
674 0.12
675 0.1212
676 0.1284
677 0.132
678 0.1308
679 0.1276
680 0.1224
681 0.128
682 0.128
683 0.116
684 0.114
685 0.1128
686 0.1056
687 0.1092
688 0.1088
689 0.1108
690 0.1044
691 0.1088
692 0.1104
693 0.1064
694 0.1156
695 0.1148
696 0.124
697 0.1232
698 0.1216
699 0.1232
700 0.1216
701 0.1176
702 0.13
703 0.1248
704 0.1216
705 0.1212
706 0.1208
707 0.1112
708 0.1056
709 0.1036
710 0.1032
711 0.1008
712 0.0976
713 0.1052
714 0.108
715 0.102
716 0.1064
717 0.104
718 0.11
719 0.1036
720 0.1064
721 0.112
722 0.116
723 0.12
724 0.112
725 0.1036
726 0.108
727 0.0972
728 0.0952
729 0.0964
730 0.0972
731 0.0972
732 0.0988
733 0.1032
734 0.0996
735 0.1032
736 0.0864
737 0.0808
738 0.0832
739 0.0908
740 0.088
741 0.0892
742 0.0952
743 0.0956
744 0.0916
745 0.0928
746 0.0956
747 0.094
748 0.0972
749 0.096
750 0.0968
751 0.0948
752 0.0952
753 0.1032
754 0.0984
755 0.096
756 0.1024
757 0.1052
758 0.1144
759 0.1076
760 0.1016
761 0.0984
762 0.1076
763 0.1128
764 0.1144
765 0.1136
766 0.1076
767 0.1156
768 0.1096
769 0.1152
770 0.1132
771 0.1024
772 0.104
773 0.1036
774 0.106
775 0.1
776 0.094
777 0.0916
778 0.1012
779 0.0956
780 0.1112
781 0.1072
782 0.0996
783 0.0928
784 0.0896
785 0.0896
786 0.088
787 0.0884
788 0.0828
789 0.0872
790 0.0996
791 0.102
792 0.1036
793 0.0984
794 0.0896
795 0.0908
796 0.0872
797 0.0824
798 0.0736
799 0.0848
800 0.09
801 0.0888
802 0.0928
803 0.1016
804 0.1056
805 0.0944
806 0.0912
807 0.094
808 0.096
809 0.1016
810 0.1064
811 0.1004
812 0.0952
813 0.0908
814 0.0884
815 0.0824
816 0.0844
817 0.0952
818 0.0964
819 0.0984
820 0.1036
821 0.0984
822 0.0936
823 0.106
824 0.1052
825 0.1056
826 0.1048
827 0.1068
828 0.1092
829 0.1064
830 0.1056
831 0.0948
832 0.0924
833 0.1008
834 0.108
835 0.1172
836 0.1048
837 0.1108
838 0.1152
839 0.1188
840 0.1108
841 0.118
842 0.12
843 0.118
844 0.1204
845 0.1168
846 0.112
847 0.1168
848 0.1312
849 0.1268
850 0.1208
851 0.124
852 0.1272
853 0.1224
854 0.118
855 0.108
856 0.112
857 0.122
858 0.134
859 0.132
860 0.1476
861 0.1548
862 0.1428
863 0.1408
864 0.146
865 0.128
866 0.1268
867 0.1312
868 0.1264
869 0.1276
870 0.1348
871 0.1348
872 0.14
873 0.128
874 0.1196
875 0.1172
876 0.1116
877 0.1152
878 0.1064
879 0.1232
880 0.1212
881 0.1244
882 0.1264
883 0.1244
884 0.138
885 0.1364
886 0.136
887 0.1388
888 0.14
889 0.132
890 0.124
891 0.1324
892 0.1484
893 0.1304
894 0.134
895 0.1348
896 0.1392
897 0.1488
898 0.1464
899 0.1416
900 0.1332
901 0.1436
902 0.152
903 0.1444
904 0.146
905 0.1224
906 0.124
907 0.1316
908 0.1292
909 0.1252
910 0.1308
911 0.1312
912 0.1288
913 0.1268
914 0.13
915 0.1328
916 0.134
917 0.1352
918 0.14
919 0.1376
920 0.1464
921 0.1496
922 0.1468
923 0.144
924 0.1372
925 0.1316
926 0.1344
927 0.1224
928 0.1148
929 0.1284
930 0.1312
931 0.1368
932 0.1332
933 0.1288
934 0.126
935 0.1268
936 0.1144
937 0.1144
938 0.1076
939 0.1044
940 0.1148
941 0.1092
942 0.1052
943 0.0988
944 0.1072
945 0.1192
946 0.1276
947 0.1156
948 0.1148
949 0.1144
950 0.1124
951 0.1184
952 0.1236
953 0.1296
954 0.1212
955 0.112
956 0.1072
957 0.1176
958 0.1324
959 0.1388
960 0.1448
961 0.1408
962 0.1416
963 0.1396
964 0.1376
965 0.136
966 0.1392
967 0.1316
968 0.1356
969 0.1212
970 0.124
971 0.1292
972 0.1332
973 0.1296
974 0.132
975 0.1172
976 0.112
977 0.1188
978 0.114
979 0.1272
980 0.1236
981 0.1256
982 0.1176
983 0.1144
984 0.1268
985 0.1324
986 0.124
987 0.1268
988 0.128
989 0.1152
990 0.1224
991 0.1244
992 0.1292
993 0.1304
994 0.136
995 0.1252
996 0.1236
997 0.1292
998 0.1276
999 0.1348
1000 0.1312
1001 0.12
1002 0.1216
1003 0.1196
1004 0.112
1005 0.1128
1006 0.112
1007 0.1144
1008 0.114
1009 0.1164
1010 0.114
1011 0.122
1012 0.1192
1013 0.1104
1014 0.1048
1015 0.1112
1016 0.1156
1017 0.1268
1018 0.122
1019 0.1296
1020 0.1256
1021 0.126
1022 0.1236
1023 0.1208
1024 0.1216
1025 0.11
1026 0.1032
1027 0.1136
1028 0.1096
1029 0.1116
1030 0.0992
1031 0.104
1032 0.1064
1033 0.1116
1034 0.1152
1035 0.1184
1036 0.1132
1037 0.1032
1038 0.1064
1039 0.098
1040 0.1036
1041 0.0956
1042 0.0912
1043 0.1036
1044 0.1168
1045 0.118
1046 0.1252
1047 0.114
1048 0.1156
1049 0.1192
1050 0.1192
1051 0.1224
1052 0.1288
1053 0.1272
1054 0.1236
1055 0.1252
1056 0.1148
1057 0.1304
1058 0.1284
1059 0.1288
1060 0.1288
1061 0.1244
1062 0.13
1063 0.1256
1064 0.1348
1065 0.1296
1066 0.1284
1067 0.1268
1068 0.1276
1069 0.1184
1070 0.112
1071 0.1128
1072 0.114
1073 0.1192
1074 0.1244
1075 0.126
1076 0.1272
1077 0.1232
1078 0.1244
1079 0.1412
1080 0.1448
1081 0.14
1082 0.1332
1083 0.1436
1084 0.1436
1085 0.1356
1086 0.1436
1087 0.1432
1088 0.1372
1089 0.1408
1090 0.1496
1091 0.136
1092 0.1248
1093 0.1236
1094 0.1224
1095 0.122
1096 0.118
1097 0.1312
1098 0.1344
1099 0.1332
1100 0.1284
1101 0.1296
1102 0.1344
1103 0.1264
1104 0.1104
1105 0.1108
1106 0.1076
1107 0.1104
1108 0.112
1109 0.104
1110 0.1068
1111 0.104
1112 0.1068
1113 0.1004
1114 0.1024
1115 0.0928
1116 0.0948
1117 0.0984
1118 0.096
1119 0.088
1120 0.0936
1121 0.1
1122 0.1068
1123 0.1024
1124 0.112
1125 0.1
1126 0.0908
1127 0.0828
1128 0.0936
1129 0.0964
1130 0.1012
1131 0.1092
1132 0.1096
1133 0.1096
1134 0.1096
1135 0.1068
1136 0.122
1137 0.1204
1138 0.12
1139 0.1192
1140 0.1124
1141 0.1192
1142 0.1168
1143 0.114
1144 0.1024
1145 0.1024
1146 0.0928
1147 0.0944
1148 0.0964
1149 0.0944
1150 0.0952
1151 0.0916
1152 0.0948
1153 0.0936
1154 0.0928
1155 0.0936
1156 0.0936
1157 0.0928
1158 0.0892
1159 0.1
1160 0.1088
1161 0.1104
1162 0.1128
1163 0.0992
1164 0.096
1165 0.0948
1166 0.1
1167 0.0888
1168 0.0848
1169 0.0928
1170 0.1016
1171 0.106
1172 0.1144
1173 0.1044
1174 0.1232
1175 0.1172
1176 0.1124
1177 0.1208
1178 0.1096
1179 0.1128
1180 0.1116
1181 0.108
1182 0.1124
1183 0.1104
1184 0.1092
1185 0.1228
1186 0.1324
1187 0.1296
1188 0.1384
1189 0.1404
1190 0.1292
1191 0.1168
1192 0.1228
1193 0.1224
1194 0.114
1195 0.1184
1196 0.1312
1197 0.1304
1198 0.1368
1199 0.1364
1200 0.1376
1201 0.1432
1202 0.1444
1203 0.1368
1204 0.1316
1205 0.1272
1206 0.1208
1207 0.1208
1208 0.1212
1209 0.1208
1210 0.1252
1211 0.1128
1212 0.1144
1213 0.112
1214 0.1112
1215 0.1176
1216 0.1104
1217 0.1112
1218 0.1072
1219 0.1152
1220 0.1
1221 0.112
1222 0.118
1223 0.1116
1224 0.1092
1225 0.1196
1226 0.1148
1227 0.1112
1228 0.1124
1229 0.1028
1230 0.0992
1231 0.0936
1232 0.098
1233 0.0916
1234 0.1084
1235 0.1172
1236 0.1144
1237 0.1116
1238 0.1156
1239 0.1204
1240 0.1156
1241 0.1148
1242 0.1112
1243 0.1148
1244 0.1112
1245 0.1104
1246 0.1068
1247 0.1036
1248 0.1092
1249 0.1176
1250 0.1136
1251 0.1096
1252 0.1108
1253 0.1028
1254 0.1024
1255 0.1016
1256 0.1036
1257 0.1096
1258 0.12
1259 0.1116
1260 0.124
1261 0.1052
1262 0.1084
1263 0.1032
1264 0.1092
1265 0.1112
1266 0.1092
1267 0.1108
1268 0.1212
1269 0.1156
1270 0.1164
1271 0.1144
1272 0.118
1273 0.12
1274 0.1292
1275 0.1272
1276 0.1276
1277 0.1272
1278 0.1276
1279 0.128
1280 0.1236
1281 0.1304
1282 0.1332
1283 0.1236
1284 0.1272
1285 0.1092
1286 0.1172
1287 0.114
1288 0.1176
1289 0.112
1290 0.11
1291 0.1144
1292 0.1248
1293 0.124
1294 0.1264
1295 0.1264
1296 0.1224
1297 0.1244
1298 0.124
1299 0.104
1300 0.0924
1301 0.092
1302 0.0944
1303 0.0944
1304 0.0916
1305 0.0916
1306 0.0904
1307 0.0976
1308 0.1028
1309 0.0988
1310 0.0936
1311 0.0944
1312 0.0872
1313 0.0852
1314 0.0804
1315 0.0868
1316 0.086
1317 0.0952
1318 0.1024
1319 0.098
1320 0.106
1321 0.1136
1322 0.112
1323 0.11
1324 0.0988
1325 0.098
1326 0.0968
1327 0.096
1328 0.0968
1329 0.096
1330 0.1
1331 0.1036
1332 0.0988
1333 0.1028
1334 0.0892
1335 0.0952
1336 0.1008
1337 0.11
1338 0.114
1339 0.1156
1340 0.1144
1341 0.1068
1342 0.1192
1343 0.1112
1344 0.1292
1345 0.1128
1346 0.122
1347 0.1232
1348 0.1192
1349 0.1152
1350 0.1176
1351 0.116
1352 0.1148
1353 0.1104
1354 0.0972
1355 0.0904
1356 0.1048
1357 0.0956
1358 0.106
1359 0.1024
1360 0.098
1361 0.1024
1362 0.1036
1363 0.1108
1364 0.1084
1365 0.1128
1366 0.1096
1367 0.1164
1368 0.1168
1369 0.1232
1370 0.1208
1371 0.1208
1372 0.1188
1373 0.1156
1374 0.1176
1375 0.1208
1376 0.124
1377 0.1196
1378 0.13
1379 0.1324
1380 0.1244
1381 0.1212
1382 0.1332
1383 0.1328
1384 0.1356
1385 0.14
1386 0.1372
1387 0.1352
1388 0.1292
1389 0.128
1390 0.1288
1391 0.1324
1392 0.1308
1393 0.1228
1394 0.1312
1395 0.1368
1396 0.1384
1397 0.1364
1398 0.1296
1399 0.1188
1400 0.1172
1401 0.1068
1402 0.1048
1403 0.0928
1404 0.0872
1405 0.0788
1406 0.078
1407 0.088
1408 0.0836
1409 0.09
1410 0.0872
1411 0.0908
1412 0.0868
1413 0.086
1414 0.0792
1415 0.0904
1416 0.0808
1417 0.0796
1418 0.0776
1419 0.09
1420 0.0928
1421 0.0808
1422 0.0844
1423 0.0948
1424 0.092
1425 0.084
1426 0.0956
1427 0.0868
1428 0.0884
1429 0.0844
1430 0.0772
1431 0.0816
1432 0.0884
1433 0.0892
1434 0.0868
1435 0.084
1436 0.0912
1437 0.0976
1438 0.0964
1439 0.1004
1440 0.0924
1441 0.0928
1442 0.0928
1443 0.1008
1444 0.1084
1445 0.1008
1446 0.0872
1447 0.0936
1448 0.0836
1449 0.0812
1450 0.0824
1451 0.084
1452 0.0876
1453 0.086
1454 0.0824
1455 0.0812
1456 0.0792
1457 0.0784
1458 0.08
1459 0.0848
1460 0.0884
1461 0.0868
1462 0.0892
1463 0.0836
1464 0.086
1465 0.092
1466 0.0912
1467 0.0924
1468 0.0956
1469 0.0988
1470 0.1024
1471 0.0988
1472 0.0872
1473 0.0904
1474 0.094
1475 0.1028
1476 0.0976
1477 0.0988
1478 0.1008
1479 0.102
1480 0.1052
1481 0.1076
1482 0.1096
1483 0.1108
1484 0.1044
1485 0.1044
1486 0.1068
1487 0.1024
1488 0.0988
1489 0.0912
1490 0.09
1491 0.0876
1492 0.0896
1493 0.0816
1494 0.0836
1495 0.0812
1496 0.0828
1497 0.0832
1498 0.0812
1499 0.0864
1500 0.0928
1501 0.1008
1502 0.102
1503 0.0984
1504 0.0968
1505 0.1012
1506 0.1048
1507 0.0952
1508 0.1004
1509 0.0936
1510 0.0768
1511 0.084
1512 0.0852
1513 0.0844
1514 0.0892
1515 0.0872
1516 0.088
1517 0.0864
1518 0.0724
1519 0.0768
1520 0.076
1521 0.0728
1522 0.0648
1523 0.0556
1524 0.054
1525 0.0528
1526 0.0548
1527 0.0484
1528 0.042
1529 0.044
1530 0.0444
1531 0.0488
1532 0.0568
1533 0.0472
1534 0.0468
1535 0.0444
1536 0.0472
1537 0.0484
1538 0.0408
1539 0.0396
1540 0.0344
1541 0.0332
1542 0.0336
1543 0.0336
1544 0.034
1545 0.0312
1546 0.0232
1547 0.0348
1548 0.0356
1549 0.0432
1550 0.0484
1551 0.0484
1552 0.0528
1553 0.0524
1554 0.0484
1555 0.048
1556 0.0444
1557 0.0444
1558 0.0428
1559 0.0452
1560 0.0436
1561 0.0452
1562 0.0408
1563 0.0444
1564 0.05
1565 0.0436
1566 0.0408
1567 0.0456
1568 0.0524
1569 0.0476
1570 0.0444
1571 0.0428
1572 0.0428
1573 0.0456
1574 0.0444
1575 0.048
1576 0.05
1577 0.0476
1578 0.0484
1579 0.0444
1580 0.0512
1581 0.0476
1582 0.0484
1583 0.0452
1584 0.0532
1585 0.0544
1586 0.0572
1587 0.0612
1588 0.0612
1589 0.0576
1590 0.066
1591 0.0664
1592 0.0652
1593 0.0588
1594 0.064
1595 0.0664
1596 0.0748
1597 0.0792
1598 0.086
1599 0.0888
1600 0.074
1601 0.078
1602 0.086
1603 0.078
1604 0.0724
1605 0.068
1606 0.066
1607 0.0664
1608 0.0728
1609 0.0732
1610 0.0748
1611 0.0856
1612 0.0808
1613 0.0832
1614 0.0828
1615 0.0784
1616 0.0864
1617 0.0832
1618 0.0848
1619 0.0816
1620 0.0792
1621 0.066
1622 0.0704
1623 0.07
1624 0.074
1625 0.0756
1626 0.0836
1627 0.0868
1628 0.086
1629 0.0876
1630 0.086
1631 0.0868
1632 0.0844
1633 0.088
1634 0.088
1635 0.0772
1636 0.0796
1637 0.08
1638 0.0784
1639 0.0836
1640 0.0872
1641 0.0872
1642 0.0912
1643 0.0872
1644 0.09
1645 0.0868
1646 0.0932
1647 0.0948
1648 0.1024
1649 0.104
1650 0.1028
1651 0.0988
1652 0.0992
1653 0.1088
1654 0.1056
1655 0.1028
1656 0.1016
1657 0.1
1658 0.0956
1659 0.102
1660 0.112
1661 0.112
1662 0.1064
1663 0.0944
1664 0.0916
1665 0.088
1666 0.076
1667 0.0796
1668 0.0768
1669 0.0684
1670 0.0728
1671 0.0684
1672 0.06
1673 0.0632
1674 0.0728
1675 0.0732
1676 0.0728
1677 0.0748
1678 0.0772
1679 0.0768
1680 0.0644
1681 0.0708
1682 0.076
1683 0.0716
1684 0.0716
1685 0.0684
1686 0.072
1687 0.0748
1688 0.0752
1689 0.0792
1690 0.072
1691 0.0744
1692 0.0704
1693 0.0692
1694 0.0788
1695 0.0764
1696 0.0772
1697 0.0788
1698 0.0836
1699 0.0944
1700 0.086
1701 0.0884
1702 0.0888
1703 0.092
1704 0.0964
1705 0.0932
1706 0.086
1707 0.0812
1708 0.084
1709 0.0884
1710 0.0836
1711 0.0776
1712 0.0852
1713 0.0832
1714 0.0832
1715 0.088
1716 0.088
1717 0.0756
1718 0.078
1719 0.0808
1720 0.0708
1721 0.0708
1722 0.0772
1723 0.0804
1724 0.0828
1725 0.0788
1726 0.08
1727 0.0704
1728 0.0748
1729 0.0828
1730 0.0808
1731 0.0876
1732 0.0904
1733 0.0864
1734 0.0936
1735 0.0992
1736 0.092
1737 0.0904
1738 0.0896
1739 0.0832
1740 0.0868
1741 0.0816
1742 0.084
1743 0.0704
1744 0.0804
1745 0.0808
1746 0.0808
1747 0.0876
1748 0.0908
1749 0.0836
1750 0.0852
1751 0.0892
1752 0.0948
1753 0.0848
1754 0.0812
1755 0.0732
1756 0.08
1757 0.0836
1758 0.0876
1759 0.0844
1760 0.086
1761 0.0844
1762 0.076
1763 0.0804
1764 0.084
1765 0.0892
1766 0.0888
1767 0.0884
1768 0.0832
1769 0.0828
1770 0.0812
1771 0.0836
1772 0.088
1773 0.0888
1774 0.0884
1775 0.0976
1776 0.0856
1777 0.084
1778 0.0852
1779 0.0848
1780 0.0812
1781 0.076
1782 0.0772
1783 0.0712
1784 0.0776
1785 0.0816
1786 0.0928
1787 0.0968
1788 0.0968
1789 0.1016
1790 0.0988
1791 0.1064
1792 0.1052
1793 0.0992
1794 0.1024
1795 0.1112
1796 0.1108
1797 0.0916
1798 0.0888
1799 0.0872
1800 0.0888
1801 0.0732
1802 0.0692
1803 0.0708
1804 0.0752
1805 0.0768
1806 0.0836
1807 0.0752
1808 0.0752
1809 0.0828
1810 0.0824
1811 0.0816
1812 0.0784
1813 0.074
1814 0.0736
1815 0.0704
1816 0.08
1817 0.0804
1818 0.088
1819 0.0856
1820 0.0848
1821 0.0812
1822 0.0704
1823 0.074
1824 0.0784
1825 0.0796
1826 0.0756
1827 0.0756
1828 0.0768
1829 0.0828
1830 0.0824
1831 0.0832
1832 0.08
1833 0.0772
1834 0.0796
1835 0.0712
1836 0.0704
1837 0.0828
1838 0.078
1839 0.0752
1840 0.0708
1841 0.078
1842 0.0876
1843 0.0848
1844 0.088
1845 0.09
1846 0.0816
1847 0.0884
1848 0.0876
1849 0.082
1850 0.0812
1851 0.0752
1852 0.0772
1853 0.0788
1854 0.0824
1855 0.072
1856 0.0776
1857 0.0712
1858 0.072
1859 0.0716
1860 0.0672
1861 0.0648
1862 0.062
1863 0.0616
1864 0.0636
1865 0.0628
1866 0.0576
1867 0.0648
1868 0.0596
1869 0.062
1870 0.0752
1871 0.0716
1872 0.0688
1873 0.0672
1874 0.0732
1875 0.0688
1876 0.064
1877 0.0616
1878 0.0588
1879 0.0632
1880 0.0668
1881 0.066
1882 0.0704
1883 0.0688
1884 0.0656
1885 0.066
1886 0.0648
1887 0.0612
1888 0.0572
1889 0.0592
1890 0.0528
1891 0.0552
1892 0.0512
1893 0.0572
1894 0.0628
1895 0.0604
1896 0.06
1897 0.0624
1898 0.0588
1899 0.0524
1900 0.0496
1901 0.0556
1902 0.0564
1903 0.064
1904 0.0592
1905 0.0644
1906 0.0704
1907 0.0648
1908 0.0704
1909 0.0712
1910 0.0608
1911 0.0584
1912 0.0624
1913 0.062
1914 0.0664
1915 0.068
1916 0.0692
1917 0.0768
1918 0.068
1919 0.0584
1920 0.0592
1921 0.0624
1922 0.068
1923 0.0748
1924 0.076
1925 0.0788
1926 0.0796
1927 0.0784
1928 0.0804
1929 0.082
1930 0.0828
1931 0.09
1932 0.0932
1933 0.0904
1934 0.0816
1935 0.0736
1936 0.0788
1937 0.0892
1938 0.0836
1939 0.0912
1940 0.0952
1941 0.0844
1942 0.0864
1943 0.088
1944 0.0848
1945 0.084
1946 0.0916
1947 0.0932
1948 0.0888
1949 0.0888
1950 0.0864
1951 0.0888
1952 0.0872
1953 0.0896
1954 0.0912
1955 0.0888
1956 0.0892
1957 0.08
1958 0.0808
1959 0.0824
1960 0.0776
1961 0.074
1962 0.0872
1963 0.0856
1964 0.0856
1965 0.0908
1966 0.0952
1967 0.0964
1968 0.1084
1969 0.1164
1970 0.1188
1971 0.108
1972 0.1104
1973 0.1176
1974 0.1192
1975 0.1256
1976 0.116
1977 0.1124
1978 0.114
1979 0.1212
1980 0.1208
1981 0.1196
1982 0.114
1983 0.1136
1984 0.1188
1985 0.1088
1986 0.104
1987 0.1132
1988 0.114
1989 0.1064
1990 0.1048
1991 0.102
1992 0.098
1993 0.096
1994 0.0944
1995 0.0896
1996 0.0836
1997 0.084
1998 0.086
1999 0.0848
2000 0.0804
2001 0.0708
2002 0.068
2003 0.0584
2004 0.0616
2005 0.0672
2006 0.0652
2007 0.0628
2008 0.0548
2009 0.0532
2010 0.0472
2011 0.0528
2012 0.0472
2013 0.054
2014 0.0564
2015 0.0628
2016 0.0572
2017 0.0608
2018 0.0668
2019 0.0676
2020 0.0656
2021 0.0664
2022 0.0692
2023 0.0664
2024 0.0636
2025 0.0508
2026 0.0552
2027 0.0544
2028 0.0552
2029 0.0536
2030 0.0584
2031 0.058
2032 0.0628
2033 0.068
2034 0.0676
2035 0.0648
2036 0.058
2037 0.0596
2038 0.0608
2039 0.0496
2040 0.0588
2041 0.0648
2042 0.0604
2043 0.0572
2044 0.0568
2045 0.0592
2046 0.0604
2047 0.0572
2048 0.0588
2049 0.066
2050 0.074
2051 0.0776
2052 0.086
2053 0.0888
2054 0.0924
2055 0.0848
2056 0.0844
2057 0.0908
2058 0.0948
2059 0.0948
2060 0.0868
2061 0.084
2062 0.0788
2063 0.084
2064 0.084
2065 0.088
2066 0.0816
2067 0.088
2068 0.088
2069 0.0816
2070 0.0876
2071 0.1036
2072 0.0952
2073 0.0952
2074 0.096
2075 0.0976
2076 0.1012
2077 0.1044
2078 0.1088
2079 0.1004
2080 0.1052
2081 0.1036
2082 0.1052
2083 0.11
2084 0.1108
2085 0.1124
2086 0.1036
2087 0.0932
2088 0.0964
2089 0.0944
2090 0.0876
2091 0.0824
2092 0.078
2093 0.0788
2094 0.0808
2095 0.0888
2096 0.0896
2097 0.0928
2098 0.0944
2099 0.0892
2100 0.088
2101 0.0948
2102 0.0972
2103 0.0988
2104 0.1044
2105 0.1056
2106 0.1148
2107 0.1116
2108 0.1036
2109 0.1
2110 0.0996
2111 0.1028
2112 0.0932
2113 0.0976
2114 0.0976
2115 0.0916
2116 0.092
2117 0.0896
2118 0.1084
2119 0.108
2120 0.1044
2121 0.1016
2122 0.094
2123 0.1024
2124 0.1028
2125 0.0948
2126 0.1
2127 0.1028
2128 0.0964
2129 0.1032
2130 0.1076
2131 0.1168
2132 0.1204
2133 0.1112
2134 0.1104
2135 0.1212
2136 0.1224
2137 0.1192
2138 0.124
2139 0.1164
2140 0.1268
2141 0.1284
2142 0.1228
2143 0.1164
2144 0.0984
2145 0.0972
2146 0.1064
2147 0.1124
2148 0.0992
2149 0.106
2150 0.1088
2151 0.102
2152 0.0984
2153 0.118
2154 0.1112
2155 0.108
2156 0.1128
2157 0.1108
2158 0.1016
2159 0.1068
2160 0.1036
2161 0.1096
2162 0.1164
2163 0.1036
2164 0.0988
2165 0.0956
2166 0.0956
2167 0.1036
2168 0.0996
2169 0.1044
2170 0.1052
2171 0.1012
2172 0.1136
2173 0.1196
2174 0.1092
2175 0.1164
2176 0.1136
2177 0.1108
2178 0.11
2179 0.106
2180 0.1024
2181 0.0948
2182 0.104
2183 0.1096
2184 0.1116
2185 0.1088
2186 0.1064
2187 0.1164
2188 0.1084
2189 0.1096
2190 0.108
2191 0.1084
2192 0.1184
2193 0.112
2194 0.1056
2195 0.1096
2196 0.1184
2197 0.1188
2198 0.1248
2199 0.1228
2200 0.1176
2201 0.1156
2202 0.1116
2203 0.114
2204 0.1168
2205 0.1096
2206 0.1092
2207 0.1188
2208 0.1096
2209 0.1048
2210 0.1096
2211 0.1072
2212 0.1044
2213 0.1196
2214 0.1128
2215 0.112
2216 0.1044
2217 0.1024
2218 0.1
2219 0.0988
2220 0.1048
2221 0.1044
2222 0.112
2223 0.0952
2224 0.094
2225 0.0956
2226 0.092
2227 0.0884
2228 0.0864
2229 0.0968
2230 0.1044
2231 0.1052
2232 0.0916
2233 0.0912
2234 0.0968
2235 0.094
2236 0.0948
2237 0.0968
2238 0.0964
2239 0.1004
2240 0.1016
2241 0.0984
2242 0.1004
2243 0.1044
2244 0.0968
2245 0.0976
2246 0.0968
2247 0.0964
2248 0.1016
2249 0.1068
2250 0.1028
2251 0.102
2252 0.1084
2253 0.1132
2254 0.1156
2255 0.116
2256 0.1264
2257 0.1308
2258 0.1204
2259 0.1244
2260 0.1168
2261 0.1224
2262 0.1152
2263 0.1172
2264 0.1068
2265 0.1
2266 0.1036
2267 0.1104
2268 0.1132
2269 0.12
2270 0.1132
2271 0.11
2272 0.12
2273 0.128
2274 0.1292
2275 0.1156
2276 0.1084
2277 0.1064
2278 0.1076
2279 0.1076
2280 0.1032
2281 0.0992
2282 0.1036
2283 0.1044
2284 0.1116
2285 0.1104
2286 0.1092
2287 0.1044
2288 0.1052
2289 0.1072
2290 0.1156
2291 0.1132
2292 0.1116
2293 0.094
2294 0.1008
2295 0.104
2296 0.1088
2297 0.1056
2298 0.1136
2299 0.1092
2300 0.1084
2301 0.1252
2302 0.1252
2303 0.1216
2304 0.1248
2305 0.1308
2306 0.1288
2307 0.1272
2308 0.1356
2309 0.126
2310 0.1288
2311 0.1272
2312 0.1268
2313 0.1224
2314 0.1232
2315 0.136
2316 0.1296
2317 0.1212
2318 0.1188
2319 0.122
2320 0.1244
2321 0.1204
2322 0.1264
2323 0.1196
2324 0.1204
2325 0.1156
2326 0.1256
2327 0.1288
2328 0.1332
2329 0.1328
2330 0.1396
2331 0.1152
2332 0.1108
2333 0.1188
2334 0.1284
2335 0.1224
2336 0.1324
2337 0.1224
2338 0.1204
2339 0.1208
2340 0.1208
2341 0.1232
2342 0.1236
2343 0.122
2344 0.1176
2345 0.1192
2346 0.1024
2347 0.1072
2348 0.114
2349 0.1144
2350 0.0968
2351 0.0936
2352 0.1
2353 0.0908
2354 0.0884
2355 0.0768
2356 0.0796
2357 0.0852
2358 0.0812
2359 0.084
2360 0.078
2361 0.074
2362 0.0704
2363 0.0748
2364 0.0804
2365 0.086
2366 0.0788
2367 0.0856
2368 0.0848
2369 0.0888
2370 0.084
2371 0.0888
2372 0.0964
2373 0.0924
2374 0.0848
2375 0.0796
2376 0.0836
2377 0.0856
2378 0.0936
2379 0.0828
2380 0.0896
2381 0.0892
2382 0.0892
2383 0.0864
2384 0.0832
2385 0.0848
2386 0.0812
2387 0.0792
2388 0.0844
2389 0.096
2390 0.1016
2391 0.1032
2392 0.112
2393 0.1136
2394 0.1052
2395 0.1076
2396 0.1112
2397 0.1124
2398 0.1224
2399 0.1304
2400 0.1252
2401 0.1148
2402 0.116
2403 0.1144
2404 0.1256
2405 0.1308
2406 0.1288
2407 0.1184
2408 0.1124
2409 0.1128
2410 0.1172
2411 0.1192
2412 0.116
2413 0.1176
2414 0.1148
2415 0.1188
2416 0.1092
2417 0.1076
2418 0.1088
2419 0.1204
2420 0.1176
2421 0.1192
2422 0.1212
2423 0.1124
2424 0.096
2425 0.0944
2426 0.11
2427 0.12
2428 0.1168
2429 0.1184
2430 0.124
2431 0.1192
2432 0.1136
2433 0.1096
2434 0.1056
2435 0.1072
2436 0.1108
2437 0.1124
2438 0.1176
2439 0.1192
2440 0.1228
2441 0.1264
2442 0.1228
2443 0.1228
2444 0.13
2445 0.1308
2446 0.1272
2447 0.1276
2448 0.1324
2449 0.1252
2450 0.1112
2451 0.1132
2452 0.114
2453 0.1124
2454 0.1096
2455 0.1124
2456 0.11
2457 0.1116
2458 0.112
2459 0.1072
2460 0.1
2461 0.1012
2462 0.0976
2463 0.1016
2464 0.1036
2465 0.1072
2466 0.1156
2467 0.1196
2468 0.1252
2469 0.1272
2470 0.1144
2471 0.1052
2472 0.102
2473 0.0996
2474 0.106
2475 0.118
2476 0.11
2477 0.1088
2478 0.1004
2479 0.1052
2480 0.1044
2481 0.102
2482 0.0984
2483 0.11
2484 0.104
2485 0.1148
2486 0.1212
2487 0.116
2488 0.1032
2489 0.1008
2490 0.1056
2491 0.11
2492 0.112
2493 0.11
2494 0.0992
2495 0.0972
2496 0.1048
2497 0.1068
2498 0.0944
2499 0.0968
2500 0.0984
2501 0.0916
2502 0.0936
2503 0.088
2504 0.0928
2505 0.0952
2506 0.096
2507 0.094
2508 0.088
2509 0.1028
2510 0.1
2511 0.1004
2512 0.096
2513 0.0876
2514 0.0896
2515 0.1024
2516 0.1024
2517 0.1012
2518 0.0968
2519 0.098
2520 0.0972
2521 0.0932
2522 0.0948
2523 0.092
2524 0.0904
2525 0.0828
2526 0.0812
2527 0.078
2528 0.0872
2529 0.0852
2530 0.0844
2531 0.0792
2532 0.0872
2533 0.0932
2534 0.0972
2535 0.096
2536 0.1
2537 0.0948
2538 0.096
2539 0.0892
2540 0.0952
2541 0.0988
2542 0.096
2543 0.1008
2544 0.106
2545 0.1096
2546 0.11
2547 0.1024
2548 0.106
2549 0.1184
2550 0.122
2551 0.1212
2552 0.1116
2553 0.1264
2554 0.1204
2555 0.1144
2556 0.1064
2557 0.1052
2558 0.1024
2559 0.1008
2560 0.1112
2561 0.114
2562 0.1196
2563 0.1132
2564 0.116
2565 0.1104
2566 0.1052
2567 0.1036
2568 0.1028
2569 0.098
2570 0.1016
2571 0.1048
2572 0.1188
2573 0.12
2574 0.1224
2575 0.1284
2576 0.1344
2577 0.144
2578 0.1352
2579 0.1316
2580 0.118
2581 0.1156
2582 0.1204
2583 0.1292
2584 0.138
2585 0.1236
2586 0.1228
2587 0.1196
2588 0.1188
2589 0.1264
2590 0.114
2591 0.1092
2592 0.118
2593 0.1216
2594 0.1256
2595 0.1276
2596 0.1252
2597 0.1216
2598 0.1324
2599 0.1256
2600 0.1332
2601 0.132
2602 0.1316
2603 0.1304
2604 0.126
2605 0.1188
2606 0.1184
2607 0.1136
2608 0.1228
2609 0.1332
2610 0.1216
2611 0.1168
2612 0.124
2613 0.13
2614 0.126
2615 0.1256
2616 0.1128
2617 0.1108
2618 0.1212
2619 0.1164
2620 0.1132
2621 0.1108
2622 0.1092
2623 0.1096
2624 0.1092
2625 0.104
2626 0.104
2627 0.1084
2628 0.1152
2629 0.1136
2630 0.1108
2631 0.1136
2632 0.124
2633 0.1172
2634 0.1228
2635 0.1216
2636 0.1176
2637 0.1128
2638 0.114
2639 0.1188
2640 0.1188
2641 0.1308
2642 0.136
2643 0.136
2644 0.1368
2645 0.1348
2646 0.1264
2647 0.12
2648 0.1212
2649 0.1212
2650 0.1252
2651 0.1268
2652 0.12
2653 0.1216
2654 0.1284
2655 0.1236
2656 0.1172
2657 0.1348
2658 0.1332
2659 0.1252
2660 0.1244
2661 0.1388
2662 0.1324
2663 0.1224
2664 0.1188
2665 0.1204
2666 0.1296
2667 0.1232
2668 0.1272
2669 0.1328
2670 0.1264
2671 0.1164
2672 0.1056
2673 0.1132
2674 0.1212
2675 0.1212
2676 0.1288
2677 0.1352
2678 0.1432
2679 0.1368
2680 0.1328
2681 0.1268
2682 0.1316
2683 0.126
2684 0.1288
2685 0.1284
2686 0.1376
2687 0.1264
2688 0.1176
2689 0.1244
2690 0.1172
2691 0.1152
2692 0.1052
2693 0.1136
2694 0.1192
2695 0.1132
2696 0.1212
2697 0.1144
2698 0.1152
2699 0.1204
2700 0.1212
2701 0.1088
2702 0.1128
2703 0.108
2704 0.1024
2705 0.1064
2706 0.0936
2707 0.088
2708 0.094
2709 0.0876
2710 0.0912
2711 0.09
2712 0.0872
2713 0.0912
2714 0.0952
2715 0.0988
2716 0.1052
2717 0.108
2718 0.1048
2719 0.1064
2720 0.1076
2721 0.1004
2722 0.108
2723 0.11
2724 0.1072
2725 0.1028
2726 0.098
2727 0.0904
2728 0.0924
2729 0.0904
2730 0.0884
2731 0.0852
2732 0.0904
2733 0.106
2734 0.1084
2735 0.1012
2736 0.11
2737 0.1148
2738 0.1164
2739 0.1188
2740 0.114
2741 0.108
2742 0.1108
2743 0.1068
2744 0.1008
2745 0.104
2746 0.0928
2747 0.0968
2748 0.088
2749 0.098
2750 0.0984
2751 0.0996
2752 0.1
2753 0.098
2754 0.0952
2755 0.1024
2756 0.1128
2757 0.106
2758 0.1028
2759 0.096
2760 0.0868
2761 0.094
2762 0.0952
2763 0.0952
2764 0.0864
2765 0.0948
2766 0.078
2767 0.0832
2768 0.0828
2769 0.0808
2770 0.0808
2771 0.086
2772 0.0864
2773 0.0908
2774 0.0864
2775 0.1016
2776 0.1028
2777 0.0988
2778 0.102
2779 0.0972
2780 0.0972
2781 0.0856
2782 0.0836
2783 0.0924
2784 0.092
2785 0.0924
2786 0.0876
2787 0.0844
2788 0.0888
2789 0.0932
2790 0.0928
2791 0.096
2792 0.0928
2793 0.0996
2794 0.102
2795 0.1036
2796 0.1012
2797 0.0996
2798 0.088
2799 0.0844
2800 0.0872
2801 0.0904
2802 0.1008
2803 0.0992
2804 0.0936
2805 0.0888
2806 0.0924
2807 0.0996
2808 0.1052
2809 0.1036
2810 0.1
2811 0.0948
2812 0.0888
2813 0.0956
2814 0.0952
2815 0.0888
2816 0.0832
2817 0.0876
2818 0.086
2819 0.092
2820 0.0856
2821 0.0836
2822 0.082
2823 0.0772
2824 0.07
2825 0.0684
2826 0.0664
2827 0.06
2828 0.0616
2829 0.0572
2830 0.0672
2831 0.0692
2832 0.0676
2833 0.0736
2834 0.076
2835 0.0788
2836 0.0772
2837 0.0816
2838 0.0848
2839 0.0816
2840 0.0876
2841 0.0932
2842 0.0964
2843 0.0928
2844 0.0896
2845 0.0864
2846 0.0812
2847 0.084
2848 0.086
2849 0.0892
2850 0.0884
2851 0.0872
2852 0.0848
2853 0.09
2854 0.084
2855 0.0752
2856 0.08
2857 0.0864
2858 0.0876
2859 0.0956
2860 0.092
2861 0.0932
2862 0.0964
2863 0.0984
2864 0.0972
2865 0.0924
2866 0.09
2867 0.0968
2868 0.0896
2869 0.0808
2870 0.0748
2871 0.0724
2872 0.0692
2873 0.0608
2874 0.0624
2875 0.0624
2876 0.0616
2877 0.0584
2878 0.0588
2879 0.0584
2880 0.0656
2881 0.078
2882 0.082
2883 0.0832
2884 0.0836
2885 0.0796
2886 0.0844
2887 0.0864
2888 0.0744
2889 0.082
2890 0.092
2891 0.0976
2892 0.0992
2893 0.108
2894 0.1132
2895 0.1116
2896 0.1096
2897 0.122
2898 0.1192
2899 0.1108
2900 0.1156
2901 0.1108
2902 0.1112
2903 0.1232
2904 0.12
2905 0.124
2906 0.1144
2907 0.114
2908 0.1084
2909 0.1048
2910 0.1012
2911 0.1072
2912 0.1108
2913 0.1076
2914 0.1092
2915 0.1092
2916 0.1112
2917 0.1128
2918 0.0992
2919 0.1024
2920 0.1
2921 0.1036
2922 0.0888
2923 0.0988
2924 0.0956
2925 0.0992
2926 0.1032
2927 0.0972
2928 0.0956
2929 0.0964
2930 0.0964
2931 0.09
2932 0.0952
2933 0.1052
2934 0.106
2935 0.1056
2936 0.1012
2937 0.1016
2938 0.0996
2939 0.096
2940 0.0892
2941 0.0864
2942 0.0892
2943 0.08
2944 0.0812
2945 0.084
2946 0.0876
2947 0.0852
2948 0.0892
2949 0.086
2950 0.0896
2951 0.0868
2952 0.0812
2953 0.0716
2954 0.0684
2955 0.0692
2956 0.074
2957 0.07
2958 0.0712
2959 0.0736
2960 0.08
2961 0.0804
2962 0.0808
2963 0.0852
2964 0.0872
2965 0.0992
2966 0.1036
2967 0.104
2968 0.1124
2969 0.1136
2970 0.1224
2971 0.1152
2972 0.118
2973 0.1168
2974 0.1184
2975 0.118
2976 0.1304
2977 0.1212
2978 0.1252
2979 0.1292
2980 0.1204
2981 0.1204
2982 0.1136
2983 0.1152
2984 0.1208
2985 0.11
2986 0.1048
2987 0.0924
2988 0.1004
2989 0.0948
2990 0.0916
2991 0.0856
2992 0.096
2993 0.1008
2994 0.0968
2995 0.1
2996 0.102
2997 0.1024
2998 0.104
2999 0.0928
3000 0.0972
3001 0.0984
3002 0.0976
3003 0.1004
3004 0.0892
3005 0.0876
3006 0.0912
3007 0.0944
3008 0.0952
3009 0.1008
3010 0.1064
3011 0.1124
3012 0.1136
3013 0.1132
3014 0.1212
3015 0.112
3016 0.1068
3017 0.1052
3018 0.116
3019 0.1236
3020 0.128
3021 0.1228
3022 0.1168
3023 0.1152
3024 0.1176
3025 0.118
3026 0.1212
3027 0.1216
3028 0.1208
3029 0.1176
3030 0.1096
3031 0.1164
3032 0.108
3033 0.1324
3034 0.1268
3035 0.1176
3036 0.1156
3037 0.1132
3038 0.1088
3039 0.1072
3040 0.1116
3041 0.106
3042 0.1012
3043 0.1132
3044 0.1148
3045 0.1028
3046 0.0936
3047 0.1012
3048 0.108
3049 0.1112
3050 0.106
3051 0.1052
3052 0.1072
3053 0.1036
3054 0.1044
3055 0.0992
3056 0.106
3057 0.1032
3058 0.1044
3059 0.1084
3060 0.1072
3061 0.1072
3062 0.102
3063 0.1068
3064 0.1136
3065 0.116
3066 0.1192
3067 0.1196
3068 0.1144
3069 0.1208
3070 0.1092
3071 0.1132
3072 0.106
3073 0.0992
3074 0.1016
3075 0.1056
3076 0.0928
3077 0.094
3078 0.1012
3079 0.1084
3080 0.1144
3081 0.1232
3082 0.1304
3083 0.1248
3084 0.1124
3085 0.1112
3086 0.1092
3087 0.1196
3088 0.1276
3089 0.1208
3090 0.106
3091 0.1068
3092 0.1088
3093 0.114
3094 0.1168
3095 0.1196
3096 0.1132
3097 0.1064
3098 0.1068
3099 0.1108
3100 0.1132
3101 0.1064
3102 0.1076
3103 0.108
3104 0.1096
3105 0.1068
3106 0.1108
3107 0.1108
3108 0.1016
3109 0.106
3110 0.1144
3111 0.1204
3112 0.1128
3113 0.1244
3114 0.1232
3115 0.122
3116 0.1296
3117 0.1264
3118 0.1276
3119 0.1352
3120 0.128
3121 0.1312
3122 0.122
3123 0.1144
3124 0.112
3125 0.106
3126 0.1012
3127 0.1052
3128 0.1072
3129 0.1128
3130 0.1252
3131 0.114
3132 0.1112
3133 0.1104
3134 0.106
3135 0.1132
3136 0.1072
3137 0.114
3138 0.1008
3139 0.092
3140 0.1032
3141 0.1068
3142 0.1056
3143 0.0948
3144 0.0864
3145 0.0968
3146 0.0984
3147 0.1032
3148 0.0984
3149 0.098
3150 0.1048
3151 0.1052
3152 0.1044
3153 0.1104
3154 0.108
3155 0.1096
3156 0.1108
3157 0.1112
3158 0.1108
3159 0.1204
3160 0.1144
3161 0.1188
3162 0.1152
3163 0.1092
3164 0.1136
3165 0.1124
3166 0.1088
3167 0.1056
3168 0.1088
3169 0.1096
3170 0.106
3171 0.1024
3172 0.0992
3173 0.0904
3174 0.0968
3175 0.0912
3176 0.094
3177 0.0844
3178 0.09
3179 0.0956
3180 0.0944
3181 0.0936
3182 0.0868
3183 0.0812
3184 0.078
3185 0.088
3186 0.0872
3187 0.088
3188 0.0944
3189 0.0948
3190 0.0948
3191 0.0864
3192 0.0872
3193 0.0864
3194 0.0912
3195 0.0928
3196 0.0884
3197 0.0888
3198 0.0904
3199 0.0956
3200 0.1036
3201 0.1112
3202 0.1084
3203 0.104
3204 0.0964
3205 0.0872
3206 0.098
3207 0.088
3208 0.0908
3209 0.0928
3210 0.1016
3211 0.0952
3212 0.0972
3213 0.1016
3214 0.0968
3215 0.0944
3216 0.0932
3217 0.0916
3218 0.0876
3219 0.092
3220 0.0936
3221 0.1004
3222 0.0964
3223 0.0996
3224 0.1
3225 0.1068
3226 0.1032
3227 0.114
3228 0.1096
3229 0.104
3230 0.106
3231 0.106
3232 0.1088
3233 0.1132
3234 0.106
3235 0.1068
3236 0.1048
3237 0.0964
3238 0.106
3239 0.1132
3240 0.116
3241 0.1128
3242 0.1164
3243 0.1208
3244 0.1244
3245 0.1224
3246 0.118
3247 0.1124
3248 0.1092
3249 0.1124
3250 0.1212
3251 0.1236
3252 0.1308
3253 0.1344
3254 0.1372
3255 0.1308
3256 0.1352
3257 0.1456
3258 0.1492
3259 0.1408
3260 0.1336
3261 0.1316
3262 0.1252
3263 0.1168
3264 0.13
3265 0.134
3266 0.134
3267 0.1272
3268 0.1264
3269 0.1284
3270 0.1268
3271 0.134
3272 0.1272
3273 0.1252
3274 0.1224
3275 0.1244
3276 0.1276
3277 0.1284
3278 0.124
3279 0.1152
3280 0.1168
3281 0.1212
3282 0.1256
3283 0.1204
3284 0.1364
3285 0.1372
3286 0.1436
3287 0.1448
3288 0.1584
3289 0.1476
3290 0.1488
3291 0.1468
3292 0.1392
3293 0.1356
3294 0.1368
3295 0.1312
3296 0.1448
3297 0.1424
3298 0.1432
3299 0.1432
3300 0.1348
3301 0.1376
3302 0.1484
3303 0.1544
3304 0.1572
3305 0.1436
3306 0.1324
3307 0.1256
3308 0.1348
3309 0.1312
3310 0.1276
3311 0.134
3312 0.1224
3313 0.1156
3314 0.1188
3315 0.1252
3316 0.126
3317 0.1208
3318 0.1252
3319 0.1288
3320 0.13
3321 0.1172
3322 0.1212
3323 0.124
3324 0.1384
3325 0.128
3326 0.1312
3327 0.1348
3328 0.144
3329 0.1428
3330 0.1516
3331 0.154
3332 0.15
3333 0.144
3334 0.1388
3335 0.1336
3336 0.1348
3337 0.1316
3338 0.1364
3339 0.13
3340 0.1288
3341 0.1308
3342 0.1364
3343 0.1372
3344 0.132
3345 0.124
3346 0.1216
3347 0.1212
3348 0.1168
3349 0.116
3350 0.112
3351 0.1072
3352 0.1104
3353 0.1192
3354 0.1224
3355 0.1144
3356 0.1128
3357 0.1112
3358 0.112
3359 0.1096
3360 0.1132
3361 0.1212
3362 0.1156
3363 0.1232
3364 0.1124
3365 0.12
3366 0.1228
3367 0.1096
3368 0.1036
3369 0.1084
3370 0.1092
3371 0.1204
3372 0.12
3373 0.124
3374 0.1232
3375 0.1184
3376 0.1144
3377 0.112
3378 0.1064
3379 0.1152
3380 0.1156
3381 0.12
3382 0.1448
3383 0.1356
3384 0.1196
3385 0.1196
3386 0.1188
3387 0.122
3388 0.1236
3389 0.1088
3390 0.1188
3391 0.1188
3392 0.1228
3393 0.1228
3394 0.124
3395 0.1184
3396 0.122
3397 0.1228
3398 0.116
3399 0.1164
3400 0.1172
3401 0.108
3402 0.1052
3403 0.1032
3404 0.1008
3405 0.108
3406 0.1068
3407 0.1088
3408 0.1088
3409 0.0984
3410 0.1088
3411 0.1024
3412 0.1036
3413 0.1048
3414 0.12
3415 0.1204
3416 0.1156
3417 0.1116
3418 0.1188
3419 0.1256
3420 0.1156
3421 0.1112
3422 0.1096
3423 0.1088
3424 0.1188
3425 0.1188
3426 0.1248
3427 0.1156
3428 0.114
3429 0.1152
3430 0.1152
3431 0.1188
3432 0.118
3433 0.1108
3434 0.1116
3435 0.0984
3436 0.1012
3437 0.0968
3438 0.1012
3439 0.1016
3440 0.1036
3441 0.106
3442 0.0984
3443 0.0964
3444 0.0908
3445 0.0976
3446 0.0924
3447 0.0992
3448 0.0948
3449 0.0972
3450 0.096
3451 0.1004
3452 0.0936
3453 0.1008
3454 0.0924
3455 0.096
3456 0.1012
3457 0.0992
3458 0.1036
3459 0.0996
3460 0.0924
3461 0.0916
3462 0.092
3463 0.0968
3464 0.094
3465 0.0904
3466 0.108
3467 0.1044
3468 0.1024
3469 0.1104
3470 0.1084
3471 0.1136
3472 0.1236
3473 0.1144
3474 0.118
3475 0.1072
3476 0.0988
3477 0.1052
3478 0.1096
3479 0.1164
3480 0.1144
3481 0.1192
3482 0.1224
3483 0.1208
3484 0.1264
3485 0.1208
3486 0.1092
3487 0.102
3488 0.0976
3489 0.1108
3490 0.1104
3491 0.1044
3492 0.1112
3493 0.1104
3494 0.108
3495 0.1032
3496 0.0968
3497 0.1048
3498 0.1136
3499 0.1116
3500 0.1096
3501 0.1056
3502 0.1068
3503 0.1076
3504 0.1068
3505 0.1112
3506 0.1152
3507 0.1176
3508 0.1124
3509 0.1112
3510 0.1136
3511 0.118
3512 0.1248
3513 0.1216
3514 0.1184
3515 0.1268
3516 0.126
3517 0.1276
3518 0.1384
3519 0.1392
3520 0.1236
3521 0.1192
3522 0.13
3523 0.1404
3524 0.1352
3525 0.1336
3526 0.1228
3527 0.1236
3528 0.1232
3529 0.132
3530 0.1208
3531 0.12
3532 0.1184
3533 0.1224
3534 0.124
3535 0.1248
3536 0.1212
3537 0.1324
3538 0.1324
3539 0.1244
3540 0.126
3541 0.1252
3542 0.138
3543 0.1368
3544 0.1288
3545 0.1164
3546 0.1192
3547 0.112
3548 0.1116
3549 0.1236
3550 0.12
3551 0.1164
3552 0.1244
3553 0.1172
3554 0.098
3555 0.0896
3556 0.0936
3557 0.0924
3558 0.09
3559 0.0996
3560 0.0896
3561 0.0924
3562 0.0944
3563 0.0928
3564 0.0968
3565 0.0916
3566 0.0868
3567 0.0844
3568 0.086
3569 0.0928
3570 0.0908
3571 0.0948
3572 0.0972
3573 0.0812
3574 0.0872
3575 0.0924
3576 0.0996
3577 0.0964
3578 0.0976
3579 0.086
3580 0.0888
3581 0.086
3582 0.0828
3583 0.0804
3584 0.082
3585 0.0708
3586 0.0724
3587 0.074
3588 0.0724
3589 0.0744
3590 0.0684
3591 0.0712
3592 0.072
3593 0.0676
3594 0.0692
3595 0.076
3596 0.0748
3597 0.074
3598 0.0736
3599 0.0672
3600 0.0668
3601 0.0708
3602 0.0792
3603 0.0808
3604 0.0788
3605 0.0756
3606 0.0772
3607 0.0788
3608 0.0828
3609 0.0836
3610 0.0788
3611 0.0812
3612 0.0868
3613 0.0848
3614 0.0884
3615 0.1028
3616 0.1024
3617 0.1052
3618 0.1148
3619 0.1124
3620 0.1072
3621 0.1048
3622 0.112
3623 0.0976
3624 0.1012
3625 0.1048
3626 0.1028
3627 0.0964
3628 0.1036
3629 0.1064
3630 0.098
3631 0.0964
3632 0.0956
3633 0.0888
3634 0.0912
3635 0.0824
3636 0.0832
3637 0.0888
3638 0.0868
3639 0.0852
3640 0.0912
3641 0.0936
3642 0.0924
3643 0.0936
3644 0.0952
3645 0.1088
3646 0.1024
3647 0.1008
3648 0.1108
3649 0.104
3650 0.1068
3651 0.1072
3652 0.1088
3653 0.1032
3654 0.0996
3655 0.0996
3656 0.1016
3657 0.1016
3658 0.1052
3659 0.1036
3660 0.1016
3661 0.098
3662 0.1016
3663 0.1056
3664 0.1072
3665 0.1008
3666 0.1084
3667 0.1084
3668 0.1032
3669 0.1032
3670 0.1076
3671 0.1168
3672 0.1172
3673 0.1192
3674 0.1196
3675 0.1228
3676 0.1132
3677 0.1244
3678 0.1192
3679 0.1228
3680 0.1236
3681 0.1232
3682 0.136
3683 0.1336
3684 0.1372
3685 0.1276
3686 0.1288
3687 0.1196
3688 0.1216
3689 0.1264
3690 0.1312
3691 0.1412
3692 0.1204
3693 0.1168
3694 0.1232
3695 0.1244
3696 0.126
3697 0.1284
3698 0.124
3699 0.1256
3700 0.1264
3701 0.134
3702 0.122
3703 0.1304
3704 0.1296
3705 0.1364
3706 0.1316
3707 0.126
3708 0.1328
3709 0.1336
3710 0.1368
3711 0.1336
3712 0.1404
3713 0.1304
3714 0.1452
3715 0.1392
3716 0.14
3717 0.14
3718 0.1392
3719 0.1304
3720 0.1416
3721 0.1536
3722 0.1456
3723 0.1356
3724 0.1332
3725 0.1236
3726 0.124
3727 0.1244
3728 0.128
3729 0.1216
3730 0.1324
3731 0.136
3732 0.1416
3733 0.1368
3734 0.13
3735 0.128
3736 0.1332
3737 0.1264
3738 0.1204
3739 0.1352
3740 0.1424
3741 0.1408
3742 0.1248
3743 0.1244
3744 0.1172
3745 0.1144
3746 0.1112
3747 0.1152
3748 0.116
3749 0.1104
3750 0.1132
3751 0.1104
3752 0.1052
3753 0.11
3754 0.1176
3755 0.1224
3756 0.1188
3757 0.1176
3758 0.126
3759 0.1284
3760 0.1192
3761 0.1272
3762 0.1292
3763 0.1264
3764 0.1172
3765 0.116
3766 0.1164
3767 0.1116
3768 0.1044
3769 0.1132
3770 0.1
3771 0.096
3772 0.0964
3773 0.0996
3774 0.104
3775 0.1124
3776 0.1068
3777 0.1068
3778 0.1096
3779 0.1192
3780 0.1196
3781 0.1124
3782 0.1188
3783 0.1252
3784 0.1256
3785 0.1336
3786 0.1256
3787 0.1224
3788 0.1196
3789 0.1224
3790 0.1112
3791 0.11
3792 0.1068
3793 0.1092
3794 0.1188
3795 0.1184
3796 0.1216
3797 0.1168
3798 0.11
3799 0.1048
3800 0.1124
3801 0.1112
3802 0.1064
3803 0.1036
3804 0.0964
3805 0.0972
3806 0.1044
3807 0.0988
3808 0.1004
3809 0.0976
3810 0.102
3811 0.1132
3812 0.1076
3813 0.1016
3814 0.1036
3815 0.1108
3816 0.1096
3817 0.1072
3818 0.1172
3819 0.1048
3820 0.0948
3821 0.0812
3822 0.0852
3823 0.0848
3824 0.0936
3825 0.0996
3826 0.0872
3827 0.0992
3828 0.0912
3829 0.0924
3830 0.092
3831 0.0924
3832 0.1
3833 0.0956
3834 0.098
3835 0.0952
3836 0.0976
3837 0.0912
3838 0.0992
3839 0.094
3840 0.094
3841 0.0976
3842 0.0912
3843 0.0932
3844 0.1024
3845 0.092
3846 0.104
3847 0.1024
3848 0.1068
3849 0.1184
3850 0.1196
3851 0.1184
3852 0.1228
3853 0.122
3854 0.1104
3855 0.1092
3856 0.1148
3857 0.1288
3858 0.1232
3859 0.1216
3860 0.1176
3861 0.122
3862 0.1212
3863 0.1212
3864 0.118
3865 0.1196
3866 0.1232
3867 0.128
3868 0.1152
3869 0.1192
3870 0.1136
3871 0.1164
3872 0.1248
3873 0.1284
3874 0.128
3875 0.1248
3876 0.1192
3877 0.1152
3878 0.1188
3879 0.1308
3880 0.12
3881 0.11
3882 0.1064
3883 0.106
3884 0.1068
3885 0.1036
3886 0.1112
3887 0.1028
3888 0.106
3889 0.106
3890 0.1096
3891 0.1188
3892 0.1196
3893 0.1148
3894 0.1132
3895 0.1104
3896 0.1092
3897 0.116
3898 0.1196
3899 0.1108
3900 0.1152
3901 0.1148
3902 0.1172
3903 0.112
3904 0.0988
3905 0.108
3906 0.1084
3907 0.1104
3908 0.1152
3909 0.1168
3910 0.1144
3911 0.1128
3912 0.1036
3913 0.0988
3914 0.0944
3915 0.1008
3916 0.106
3917 0.1
3918 0.1156
3919 0.1136
3920 0.1148
3921 0.1056
3922 0.108
3923 0.1136
3924 0.1108
3925 0.106
3926 0.1
3927 0.0952
3928 0.0984
3929 0.096
3930 0.0908
3931 0.09
3932 0.0904
3933 0.086
3934 0.0912
3935 0.0924
3936 0.0936
3937 0.1032
3938 0.1036
3939 0.1116
3940 0.1156
3941 0.1276
3942 0.1252
3943 0.1212
3944 0.1224
3945 0.1324
3946 0.128
3947 0.1168
3948 0.1104
3949 0.116
3950 0.1196
3951 0.1168
3952 0.1204
3953 0.1184
3954 0.1268
3955 0.1152
3956 0.1196
3957 0.118
3958 0.1224
3959 0.1152
3960 0.114
3961 0.108
3962 0.1116
3963 0.1052
3964 0.1044
3965 0.1136
3966 0.116
3967 0.1112
3968 0.1176
3969 0.104
3970 0.1048
3971 0.1104
3972 0.1048
3973 0.1024
3974 0.1148
3975 0.1124
3976 0.1236
3977 0.1256
3978 0.1304
3979 0.1388
3980 0.1332
3981 0.1356
3982 0.14
3983 0.1344
3984 0.1328
3985 0.1472
3986 0.1524
3987 0.1488
3988 0.15
3989 0.146
3990 0.1316
3991 0.1424
3992 0.1384
3993 0.1384
3994 0.1436
3995 0.1448
3996 0.1336
3997 0.1312
3998 0.14
3999 0.1432
4000 0.1452
4001 0.1492
4002 0.1372
4003 0.1352
4004 0.134
4005 0.1324
4006 0.1296
4007 0.1244
4008 0.1284
4009 0.1304
4010 0.1348
4011 0.134
4012 0.1352
4013 0.1416
4014 0.1308
4015 0.1356
4016 0.1356
4017 0.132
4018 0.1288
4019 0.114
4020 0.1112
4021 0.1132
4022 0.108
4023 0.1168
4024 0.112
4025 0.1184
4026 0.1212
4027 0.1264
4028 0.118
4029 0.1104
4030 0.1108
4031 0.1156
4032 0.1232
4033 0.1168
4034 0.1252
4035 0.1304
4036 0.1264
4037 0.1164
4038 0.1116
4039 0.1136
4040 0.1108
4041 0.1196
4042 0.1164
4043 0.1228
4044 0.1224
4045 0.1256
4046 0.1288
4047 0.1212
4048 0.1228
4049 0.1196
4050 0.1108
4051 0.1184
4052 0.1172
4053 0.1168
4054 0.1224
4055 0.1196
4056 0.1224
4057 0.1212
4058 0.1216
4059 0.1304
4060 0.1192
4061 0.134
4062 0.1384
4063 0.1304
4064 0.1292
4065 0.1248
4066 0.1264
4067 0.1316
4068 0.1344
4069 0.1276
4070 0.1192
4071 0.1108
4072 0.1116
4073 0.106
4074 0.1024
4075 0.108
4076 0.1
4077 0.0988
4078 0.1144
4079 0.1084
4080 0.1012
4081 0.0968
4082 0.102
4083 0.0912
4084 0.0984
4085 0.0984
4086 0.104
4087 0.1172
4088 0.1256
4089 0.112
4090 0.1148
4091 0.1132
4092 0.1136
4093 0.1112
4094 0.1116
4095 0.1184
4096 0.1248
4097 0.1188
4098 0.1168
4099 0.1252
4100 0.1296
4101 0.1196
4102 0.1224
4103 0.1252
4104 0.1228
4105 0.124
4106 0.1236
4107 0.1076
4108 0.1
4109 0.102
4110 0.0972
4111 0.1008
4112 0.1092
4113 0.0976
4114 0.0964
4115 0.1
4116 0.094
4117 0.1048
4118 0.096
4119 0.1016
4120 0.0948
4121 0.1132
4122 0.12
4123 0.1264
4124 0.1204
4125 0.134
4126 0.1372
4127 0.1204
4128 0.1284
4129 0.1348
4130 0.1284
4131 0.1436
4132 0.1388
4133 0.1488
4134 0.14
4135 0.1316
4136 0.1256
4137 0.1276
4138 0.1248
4139 0.1288
4140 0.124
4141 0.1172
4142 0.112
4143 0.1184
4144 0.1084
4145 0.106
4146 0.1144
4147 0.1124
4148 0.1072
4149 0.1136
4150 0.1216
4151 0.1168
4152 0.1232
4153 0.118
4154 0.1252
4155 0.1208
4156 0.1132
4157 0.116
4158 0.1188
4159 0.1332
4160 0.116
4161 0.1188
4162 0.118
4163 0.1052
4164 0.1072
4165 0.1164
4166 0.1248
4167 0.1108
4168 0.1064
4169 0.1
4170 0.1012
4171 0.0896
4172 0.1032
4173 0.1056
4174 0.0972
4175 0.1
4176 0.108
4177 0.0976
4178 0.1028
4179 0.1084
4180 0.0972
4181 0.0964
4182 0.1
4183 0.0936
4184 0.0996
4185 0.0996
4186 0.1088
4187 0.1036
4188 0.0988
4189 0.0916
4190 0.0908
4191 0.0908
4192 0.0928
4193 0.0852
4194 0.0792
4195 0.0808
4196 0.0832
4197 0.0792
4198 0.0792
4199 0.08
4200 0.0884
4201 0.0988
4202 0.1032
4203 0.1028
4204 0.1
4205 0.1
4206 0.0836
4207 0.0908
4208 0.092
4209 0.084
4210 0.0824
4211 0.0784
4212 0.0912
4213 0.096
4214 0.0868
4215 0.0944
4216 0.0944
4217 0.088
4218 0.0856
4219 0.086
4220 0.0892
4221 0.0852
4222 0.0864
4223 0.0748
4224 0.08
4225 0.072
4226 0.0744
4227 0.08
4228 0.0784
4229 0.0792
4230 0.076
4231 0.0772
4232 0.0812
4233 0.0836
4234 0.09
4235 0.09
4236 0.088
4237 0.0836
4238 0.0704
4239 0.0764
4240 0.0768
4241 0.0844
4242 0.0764
4243 0.0684
4244 0.068
4245 0.0704
4246 0.076
4247 0.0864
4248 0.0888
4249 0.0848
4250 0.0868
4251 0.0892
4252 0.0868
4253 0.0848
4254 0.0876
4255 0.0976
4256 0.1044
4257 0.1084
4258 0.1124
4259 0.1032
4260 0.0984
4261 0.1028
4262 0.0992
4263 0.082
4264 0.0952
4265 0.0896
4266 0.0892
4267 0.0888
4268 0.0812
4269 0.082
4270 0.0908
4271 0.0892
4272 0.0884
4273 0.096
4274 0.0952
4275 0.094
4276 0.0996
4277 0.1104
4278 0.1132
4279 0.1152
4280 0.0988
4281 0.106
4282 0.1024
4283 0.102
4284 0.1004
4285 0.096
4286 0.0896
4287 0.1072
4288 0.1176
4289 0.1152
4290 0.114
4291 0.118
4292 0.1112
4293 0.1148
4294 0.1104
4295 0.108
4296 0.118
4297 0.122
4298 0.1136
4299 0.1196
4300 0.1268
4301 0.1236
4302 0.1148
4303 0.118
4304 0.1156
4305 0.1144
4306 0.1188
4307 0.1168
4308 0.1208
4309 0.118
4310 0.12
4311 0.1304
4312 0.1284
4313 0.1204
4314 0.1336
4315 0.13
4316 0.122
4317 0.13
4318 0.1284
4319 0.1272
4320 0.1288
4321 0.1324
4322 0.1324
4323 0.1388
4324 0.1408
4325 0.1384
4326 0.132
4327 0.1308
4328 0.1388
4329 0.1444
4330 0.1412
4331 0.1408
4332 0.1392
4333 0.1384
4334 0.1456
4335 0.1524
4336 0.1552
4337 0.1452
4338 0.1384
4339 0.1472
4340 0.1348
4341 0.1408
4342 0.1376
4343 0.1368
4344 0.1436
4345 0.1328
4346 0.136
4347 0.134
4348 0.1256
4349 0.1292
4350 0.1224
4351 0.1208
4352 0.1236
4353 0.1312
4354 0.1284
4355 0.1352
4356 0.1316
4357 0.136
4358 0.1256
4359 0.1204
4360 0.1228
4361 0.1328
4362 0.1344
4363 0.1324
4364 0.1448
4365 0.1496
4366 0.15
4367 0.1456
4368 0.1432
4369 0.1432
4370 0.152
4371 0.1392
4372 0.1416
4373 0.1376
4374 0.1404
4375 0.1512
4376 0.1364
4377 0.1352
4378 0.132
4379 0.1416
4380 0.1364
4381 0.1376
4382 0.132
4383 0.1292
4384 0.126
4385 0.1224
4386 0.1172
4387 0.1056
4388 0.1068
4389 0.1084
4390 0.1148
4391 0.1136
4392 0.1084
4393 0.0996
4394 0.0972
4395 0.098
4396 0.098
4397 0.1112
4398 0.1036
4399 0.0992
4400 0.0968
4401 0.0928
4402 0.0896
4403 0.1004
4404 0.1068
4405 0.1044
4406 0.112
4407 0.1068
4408 0.094
4409 0.08
4410 0.084
4411 0.0908
4412 0.0964
4413 0.1032
4414 0.1136
4415 0.1068
4416 0.1048
4417 0.1156
4418 0.1088
4419 0.104
4420 0.1052
4421 0.1056
4422 0.1068
4423 0.1032
4424 0.1036
4425 0.1032
4426 0.1072
4427 0.112
4428 0.1016
4429 0.0988
4430 0.1088
4431 0.114
4432 0.1168
4433 0.1148
4434 0.1232
4435 0.1228
4436 0.1176
4437 0.1112
4438 0.1188
4439 0.1136
4440 0.1008
4441 0.102
4442 0.1028
4443 0.1092
4444 0.1108
4445 0.1128
4446 0.1084
4447 0.1044
4448 0.1056
4449 0.1028
4450 0.1072
4451 0.1144
4452 0.1112
4453 0.1136
4454 0.112
4455 0.1152
4456 0.1244
4457 0.1196
4458 0.1136
4459 0.1036
4460 0.1156
4461 0.1208
4462 0.1112
4463 0.1064
4464 0.1016
4465 0.1088
4466 0.0996
4467 0.0936
4468 0.0992
4469 0.1048
4470 0.1104
4471 0.106
4472 0.1044
4473 0.1072
4474 0.1128
4475 0.1124
4476 0.1092
4477 0.0956
4478 0.1064
4479 0.1012
4480 0.106
4481 0.1056
4482 0.114
4483 0.1056
4484 0.122
4485 0.1164
4486 0.1108
4487 0.1092
4488 0.1072
4489 0.1144
4490 0.1204
4491 0.1192
4492 0.108
4493 0.1064
4494 0.0964
4495 0.1124
4496 0.1136
4497 0.1148
4498 0.114
4499 0.1252
4500 0.1236
4501 0.1184
4502 0.1188
4503 0.1228
4504 0.128
4505 0.1288
4506 0.1196
4507 0.122
4508 0.112
4509 0.1036
4510 0.1028
4511 0.0988
4512 0.0968
4513 0.1036
4514 0.1012
4515 0.1048
4516 0.1016
4517 0.1024
4518 0.102
4519 0.0992
4520 0.0868
4521 0.0832
4522 0.0904
4523 0.094
4524 0.0988
4525 0.0976
4526 0.1116
4527 0.1132
4528 0.1096
4529 0.1236
4530 0.1256
4531 0.1124
4532 0.1088
4533 0.1072
4534 0.1016
4535 0.1044
4536 0.1128
4537 0.1068
4538 0.0968
4539 0.092
4540 0.1004
4541 0.112
4542 0.1092
4543 0.1176
4544 0.1088
4545 0.1192
4546 0.1136
4547 0.1152
4548 0.1156
4549 0.1252
4550 0.11
4551 0.1088
4552 0.0916
4553 0.0996
4554 0.0948
4555 0.0924
4556 0.096
4557 0.0868
4558 0.0832
4559 0.0908
4560 0.0816
4561 0.0924
4562 0.0872
4563 0.0888
4564 0.0944
4565 0.1004
4566 0.1092
4567 0.0948
4568 0.0952
4569 0.1084
4570 0.1016
4571 0.106
4572 0.1056
4573 0.1044
4574 0.1044
4575 0.1068
4576 0.1076
4577 0.0996
4578 0.094
4579 0.096
4580 0.1064
4581 0.1116
4582 0.1116
4583 0.1128
4584 0.1096
4585 0.11
4586 0.1068
4587 0.1064
4588 0.098
4589 0.1004
4590 0.1028
4591 0.1144
4592 0.11
4593 0.11
4594 0.108
4595 0.1072
4596 0.1104
4597 0.1132
4598 0.1232
4599 0.1212
4600 0.122
4601 0.1144
4602 0.1184
4603 0.1144
4604 0.108
4605 0.1164
4606 0.1148
4607 0.1092
4608 0.102
4609 0.1088
4610 0.1064
4611 0.1048
4612 0.1084
4613 0.1084
4614 0.1072
4615 0.1108
4616 0.1116
4617 0.11
4618 0.1048
4619 0.1196
4620 0.1136
4621 0.1196
4622 0.1248
4623 0.1288
4624 0.13
4625 0.126
4626 0.1268
4627 0.1312
4628 0.13
4629 0.1268
4630 0.1168
4631 0.1188
4632 0.1192
4633 0.1264
4634 0.118
4635 0.108
4636 0.1104
4637 0.1228
4638 0.1192
4639 0.1196
4640 0.1328
4641 0.1368
4642 0.1364
4643 0.136
4644 0.1424
4645 0.1436
4646 0.142
4647 0.1384
4648 0.112
4649 0.1156
4650 0.1292
4651 0.1308
4652 0.1268
4653 0.12
4654 0.1128
4655 0.108
4656 0.1088
4657 0.1104
4658 0.1036
4659 0.098
4660 0.1008
4661 0.0968
4662 0.1056
4663 0.1104
4664 0.1184
4665 0.116
4666 0.1224
4667 0.122
4668 0.1364
4669 0.1412
4670 0.1388
4671 0.1428
4672 0.1396
4673 0.1496
4674 0.1536
4675 0.1464
4676 0.1332
4677 0.15
4678 0.1496
4679 0.1424
4680 0.128
4681 0.1304
4682 0.134
4683 0.1268
4684 0.1192
4685 0.1132
4686 0.116
4687 0.1172
4688 0.1184
4689 0.1124
4690 0.1124
4691 0.108
4692 0.1092
4693 0.1212
4694 0.1148
4695 0.1132
4696 0.1056
4697 0.0984
4698 0.0972
4699 0.0848
4700 0.0836
4701 0.0828
4702 0.0736
4703 0.074
4704 0.088
4705 0.092
4706 0.0896
4707 0.0844
4708 0.0832
4709 0.0876
4710 0.0968
4711 0.1004
4712 0.1008
4713 0.0928
4714 0.0996
4715 0.0996
4716 0.094
4717 0.1004
4718 0.086
4719 0.0868
4720 0.0904
4721 0.0956
4722 0.0868
4723 0.0924
4724 0.0908
4725 0.0924
4726 0.0896
4727 0.0824
4728 0.086
4729 0.0928
4730 0.096
4731 0.0828
4732 0.088
4733 0.0844
4734 0.0792
4735 0.0764
4736 0.074
4737 0.0716
4738 0.0824
4739 0.0764
4740 0.0708
4741 0.0664
4742 0.0676
4743 0.0744
4744 0.0788
4745 0.0856
4746 0.0932
4747 0.0972
4748 0.0968
4749 0.0984
4750 0.094
4751 0.0984
4752 0.0944
4753 0.0912
4754 0.0896
4755 0.0816
4756 0.0756
4757 0.076
4758 0.0832
4759 0.0832
4760 0.0872
4761 0.0928
4762 0.0904
4763 0.086
4764 0.0904
4765 0.096
4766 0.098
4767 0.0992
4768 0.0984
4769 0.1004
4770 0.0956
4771 0.0868
4772 0.0932
4773 0.0872
4774 0.0916
4775 0.092
4776 0.0872
4777 0.1
4778 0.098
4779 0.0872
4780 0.084
4781 0.0824
4782 0.0812
4783 0.0792
4784 0.0784
4785 0.0852
4786 0.0824
4787 0.094
4788 0.0876
4789 0.0884
4790 0.0828
4791 0.0764
4792 0.0708
4793 0.0688
4794 0.0704
4795 0.0764
4796 0.0796
4797 0.0752
4798 0.0724
4799 0.0688
4800 0.0676
4801 0.0644
4802 0.0696
4803 0.0732
4804 0.0668
4805 0.0708
4806 0.0752
4807 0.0756
4808 0.0776
4809 0.0772
4810 0.0812
4811 0.0756
4812 0.0796
4813 0.084
4814 0.0916
4815 0.0848
4816 0.0852
4817 0.0872
4818 0.0932
4819 0.092
4820 0.0864
4821 0.0852
4822 0.0832
4823 0.0848
4824 0.0848
4825 0.0844
4826 0.0856
4827 0.0972
4828 0.0832
4829 0.0744
4830 0.0808
4831 0.0824
4832 0.0764
4833 0.0796
4834 0.0752
4835 0.0888
4836 0.0936
4837 0.088
4838 0.0964
4839 0.1076
4840 0.1096
4841 0.1064
4842 0.1048
4843 0.1052
4844 0.1056
4845 0.1032
4846 0.0992
4847 0.106
4848 0.0976
4849 0.1024
4850 0.1
4851 0.102
4852 0.1048
4853 0.1044
4854 0.0936
4855 0.0992
4856 0.1032
4857 0.104
4858 0.1032
4859 0.1092
4860 0.0984
4861 0.088
4862 0.0908
4863 0.09
4864 0.094
4865 0.1
4866 0.102
4867 0.1076
4868 0.0948
4869 0.088
4870 0.0892
4871 0.0832
4872 0.0916
4873 0.0932
4874 0.0964
4875 0.1096
4876 0.1152
4877 0.1148
4878 0.108
4879 0.1088
4880 0.1088
4881 0.1128
4882 0.1168
4883 0.1028
4884 0.1144
4885 0.112
4886 0.1088
4887 0.1156
4888 0.1192
4889 0.1104
4890 0.1012
4891 0.1048
4892 0.0988
4893 0.106
4894 0.1224
4895 0.1168
4896 0.112
4897 0.1176
4898 0.1184
4899 0.114
4900 0.1056
4901 0.1116
4902 0.1116
4903 0.1016
4904 0.1068
4905 0.1128
4906 0.1128
4907 0.1076
4908 0.1108
4909 0.1168
4910 0.1152
4911 0.1168
4912 0.1164
4913 0.0968
4914 0.1
4915 0.114
4916 0.1032
4917 0.1044
4918 0.1104
4919 0.1052
4920 0.1084
4921 0.0992
4922 0.1088
4923 0.1124
4924 0.1028
4925 0.106
4926 0.1144
4927 0.1048
4928 0.1068
4929 0.1064
4930 0.106
4931 0.1068
4932 0.112
4933 0.1184
4934 0.1252
4935 0.114
4936 0.1144
4937 0.1184
4938 0.1156
4939 0.1056
4940 0.1056
4941 0.1064
4942 0.1148
4943 0.1036
4944 0.1008
4945 0.1068
4946 0.1052
4947 0.0936
4948 0.094
4949 0.1048
4950 0.1052
4951 0.1084
4952 0.1132
4953 0.1168
4954 0.112
4955 0.1136
4956 0.1036
4957 0.0988
4958 0.0968
4959 0.098
4960 0.0972
4961 0.0988
4962 0.1
4963 0.1012
4964 0.1032
4965 0.0964
4966 0.1008
4967 0.0952
4968 0.0916
4969 0.086
4970 0.0824
4971 0.0868
4972 0.0876
4973 0.088
4974 0.088
4975 0.096
4976 0.0856
4977 0.0864
4978 0.0872
4979 0.0892
4980 0.0808
4981 0.0868
4982 0.1008
4983 0.0908
4984 0.0964
4985 0.1036
4986 0.0956
4987 0.0988
4988 0.1024
4989 0.1016
4990 0.1012
4991 0.1044
4992 0.1068
4993 0.096
4994 0.1076
4995 0.1048
4996 0.1008
4997 0.1012
4998 0.1052
4999 0.1064
