Steps Infectivity
1 0.2596
2 0.2644
3 0.2524
4 0.2484
5 0.2528
6 0.2592
7 0.2644
8 0.2812
9 0.28
10 0.2892
11 0.3004
12 0.3024
13 0.3036
14 0.2964
15 0.2888
16 0.276
17 0.2632
18 0.2624
19 0.2636
20 0.2684
21 0.284
22 0.272
23 0.2792
24 0.2748
25 0.2708
26 0.2608
27 0.2504
28 0.2384
29 0.2424
30 0.2292
31 0.2268
32 0.2272
33 0.23
34 0.2424
35 0.246
36 0.236
37 0.2412
38 0.2444
39 0.252
40 0.2492
41 0.2612
42 0.2688
43 0.2664
44 0.2708
45 0.2632
46 0.2596
47 0.2612
48 0.2664
49 0.2708
50 0.2716
51 0.2732
52 0.2784
53 0.2756
54 0.2696
55 0.2628
56 0.2636
57 0.2616
58 0.2544
59 0.2396
60 0.2356
61 0.2436
62 0.2568
63 0.2676
64 0.262
65 0.2512
66 0.2488
67 0.2336
68 0.23
69 0.2332
70 0.2272
71 0.2288
72 0.2432
73 0.2308
74 0.2304
75 0.2296
76 0.2236
77 0.2164
78 0.2188
79 0.2292
80 0.2384
81 0.254
82 0.2428
83 0.2512
84 0.242
85 0.2416
86 0.2436
87 0.254
88 0.2556
89 0.2708
90 0.27
91 0.2596
92 0.2504
93 0.2492
94 0.2368
95 0.2368
96 0.2448
97 0.2468
98 0.2436
99 0.2388
100 0.2416
101 0.2436
102 0.2508
103 0.2504
104 0.2656
105 0.2596
106 0.2712
107 0.2596
108 0.2688
109 0.2716
110 0.2656
111 0.2632
112 0.2608
113 0.2592
114 0.26
115 0.2644
116 0.2708
117 0.2728
118 0.2736
119 0.2708
120 0.2684
121 0.266
122 0.2636
123 0.2616
124 0.2512
125 0.2488
126 0.2492
127 0.2596
128 0.2652
129 0.278
130 0.2864
131 0.2792
132 0.2676
133 0.2708
134 0.2824
135 0.2828
136 0.2928
137 0.2768
138 0.266
139 0.2692
140 0.256
141 0.2704
142 0.2644
143 0.272
144 0.284
145 0.2704
146 0.264
147 0.2596
148 0.2564
149 0.2628
150 0.2652
151 0.2508
152 0.2376
153 0.2412
154 0.2488
155 0.2624
156 0.2612
157 0.2628
158 0.264
159 0.2592
160 0.2644
161 0.2664
162 0.2692
163 0.2556
164 0.2524
165 0.2556
166 0.258
167 0.2516
168 0.2632
169 0.2612
170 0.2644
171 0.26
172 0.2768
173 0.2784
174 0.2744
175 0.2804
176 0.2776
177 0.2844
178 0.268
179 0.2728
180 0.2588
181 0.2564
182 0.2564
183 0.2456
184 0.2512
185 0.2676
186 0.264
187 0.2596
188 0.246
189 0.2544
190 0.2536
191 0.2536
192 0.2452
193 0.2512
194 0.2572
195 0.2648
196 0.2724
197 0.2764
198 0.2616
199 0.246
200 0.2648
201 0.2772
202 0.2616
203 0.256
204 0.2488
205 0.2356
206 0.2452
207 0.2408
208 0.2308
209 0.224
210 0.216
211 0.2132
212 0.2124
213 0.2348
214 0.2436
215 0.2372
216 0.2548
217 0.2568
218 0.252
219 0.2568
220 0.2628
221 0.2568
222 0.26
223 0.2648
224 0.2688
225 0.282
226 0.284
227 0.2784
228 0.2808
229 0.2896
230 0.2752
231 0.2736
232 0.2512
233 0.2476
234 0.2568
235 0.2472
236 0.2436
237 0.242
238 0.2396
239 0.2408
240 0.2436
241 0.2612
242 0.2576
243 0.2704
244 0.2528
245 0.2556
246 0.2616
247 0.2544
248 0.2644
249 0.2616
250 0.26
251 0.2544
252 0.2432
253 0.2428
254 0.2472
255 0.2488
256 0.266
257 0.2592
258 0.2568
259 0.2572
260 0.2708
261 0.2776
262 0.2572
263 0.254
264 0.2604
265 0.268
266 0.2664
267 0.254
268 0.2552
269 0.2528
270 0.2624
271 0.266
272 0.2584
273 0.2604
274 0.2524
275 0.2648
276 0.2624
277 0.2724
278 0.268
279 0.2644
280 0.2704
281 0.2664
282 0.2656
283 0.2704
284 0.2776
285 0.274
286 0.2604
287 0.2628
288 0.2468
289 0.2432
290 0.2548
291 0.2688
292 0.258
293 0.2712
294 0.2652
295 0.2576
296 0.2592
297 0.264
298 0.268
299 0.2664
300 0.268
301 0.2628
302 0.2588
303 0.2696
304 0.2776
305 0.2728
306 0.272
307 0.2692
308 0.266
309 0.2512
310 0.224
311 0.216
312 0.2144
313 0.2156
314 0.2268
315 0.2208
316 0.2236
317 0.2244
318 0.2216
319 0.222
320 0.2256
321 0.2452
322 0.25
323 0.2488
324 0.2428
325 0.2436
326 0.2544
327 0.262
328 0.2648
329 0.244
330 0.2464
331 0.244
332 0.254
333 0.2652
334 0.2792
335 0.274
336 0.2676
337 0.2708
338 0.2672
339 0.2612
340 0.2604
341 0.264
342 0.2544
343 0.2544
344 0.2608
345 0.2552
346 0.2392
347 0.222
348 0.2292
349 0.2404
350 0.2576
351 0.2636
352 0.2636
353 0.262
354 0.2688
355 0.2596
356 0.2672
357 0.2732
358 0.2624
359 0.264
360 0.2688
361 0.252
362 0.2588
363 0.2632
364 0.2572
365 0.2572
366 0.2584
367 0.256
368 0.2476
369 0.2556
370 0.266
371 0.27
372 0.28
373 0.2772
374 0.2788
375 0.2604
376 0.2536
377 0.2616
378 0.2732
379 0.2692
380 0.2604
381 0.2504
382 0.2564
383 0.2508
384 0.2572
385 0.2624
386 0.2712
387 0.27
388 0.266
389 0.2612
390 0.2636
391 0.2548
392 0.2508
393 0.2492
394 0.2468
395 0.248
396 0.256
397 0.2556
398 0.2488
399 0.248
400 0.2504
401 0.2428
402 0.2428
403 0.2548
404 0.254
405 0.2508
406 0.2688
407 0.2596
408 0.2596
409 0.264
410 0.2616
411 0.2632
412 0.258
413 0.2588
414 0.26
415 0.2532
416 0.2644
417 0.2636
418 0.2572
419 0.2464
420 0.2468
421 0.2588
422 0.2504
423 0.26
424 0.2604
425 0.2576
426 0.2608
427 0.264
428 0.2572
429 0.2508
430 0.2496
431 0.2504
432 0.2456
433 0.2412
434 0.2528
435 0.2484
436 0.2476
437 0.2548
438 0.2636
439 0.2608
440 0.262
441 0.254
442 0.2364
443 0.2576
444 0.2652
445 0.2524
446 0.2476
447 0.2512
448 0.2468
449 0.2544
450 0.2512
451 0.254
452 0.2484
453 0.2564
454 0.2508
455 0.246
456 0.242
457 0.2364
458 0.242
459 0.2444
460 0.2592
461 0.2608
462 0.26
463 0.254
464 0.254
465 0.2608
466 0.2612
467 0.2644
468 0.262
469 0.27
470 0.2596
471 0.262
472 0.2732
473 0.2636
474 0.2596
475 0.2528
476 0.2568
477 0.2572
478 0.2584
479 0.2436
480 0.2496
481 0.2528
482 0.2552
483 0.2484
484 0.2456
485 0.244
486 0.2504
487 0.2508
488 0.2412
489 0.244
490 0.2448
491 0.2368
492 0.2252
493 0.238
494 0.2324
495 0.228
496 0.226
497 0.2396
498 0.2344
499 0.256
500 0.256
501 0.2444
502 0.2556
503 0.252
504 0.2584
505 0.266
506 0.2616
507 0.2504
508 0.2412
509 0.236
510 0.2308
511 0.2456
512 0.2372
513 0.2368
514 0.2416
515 0.252
516 0.27
517 0.2688
518 0.2504
519 0.2408
520 0.2452
521 0.2384
522 0.248
523 0.2616
524 0.2576
525 0.2568
526 0.2632
527 0.2464
528 0.2356
529 0.248
530 0.2364
531 0.2444
532 0.2516
533 0.2508
534 0.252
535 0.2352
536 0.2348
537 0.2396
538 0.244
539 0.2604
540 0.264
541 0.266
542 0.2472
543 0.2456
544 0.2504
545 0.2616
546 0.2588
547 0.2636
548 0.2552
549 0.2376
550 0.2436
551 0.2436
552 0.25
553 0.248
554 0.2496
555 0.2692
556 0.2644
557 0.2684
558 0.278
559 0.2864
560 0.2896
561 0.276
562 0.272
563 0.2672
564 0.2468
565 0.2484
566 0.2456
567 0.2428
568 0.2444
569 0.246
570 0.2536
571 0.2704
572 0.27
573 0.266
574 0.262
575 0.268
576 0.2704
577 0.2592
578 0.2548
579 0.2676
580 0.2624
581 0.258
582 0.2572
583 0.2484
584 0.2624
585 0.2672
586 0.262
587 0.2568
588 0.2484
589 0.244
590 0.2456
591 0.2524
592 0.254
593 0.2628
594 0.258
595 0.2728
596 0.2608
597 0.252
598 0.2472
599 0.24
600 0.2476
601 0.2384
602 0.2468
603 0.2424
604 0.2548
605 0.254
606 0.2532
607 0.2684
608 0.2616
609 0.2572
610 0.242
611 0.2524
612 0.2608
613 0.2448
614 0.2636
615 0.2688
616 0.2668
617 0.2632
618 0.2652
619 0.2672
620 0.2664
621 0.2464
622 0.2568
623 0.268
624 0.2604
625 0.2612
626 0.2692
627 0.2492
628 0.2428
629 0.2456
630 0.2428
631 0.2432
632 0.2412
633 0.248
634 0.2604
635 0.2516
636 0.2484
637 0.2484
638 0.262
639 0.2612
640 0.2692
641 0.2632
642 0.274
643 0.2664
644 0.26
645 0.26
646 0.2584
647 0.2636
648 0.272
649 0.2708
650 0.2636
651 0.248
652 0.2544
653 0.2484
654 0.248
655 0.2552
656 0.2596
657 0.2596
658 0.25
659 0.2424
660 0.2528
661 0.2508
662 0.2504
663 0.2496
664 0.2616
665 0.2592
666 0.2616
667 0.2428
668 0.248
669 0.242
670 0.2324
671 0.228
672 0.2288
673 0.2168
674 0.2328
675 0.2416
676 0.2416
677 0.2364
678 0.2172
679 0.2132
680 0.216
681 0.2196
682 0.2336
683 0.2316
684 0.2316
685 0.2332
686 0.2352
687 0.2468
688 0.2576
689 0.2392
690 0.2528
691 0.2512
692 0.2392
693 0.2472
694 0.2472
695 0.24
696 0.2388
697 0.244
698 0.24
699 0.2424
700 0.2396
701 0.232
702 0.2276
703 0.2296
704 0.24
705 0.2508
706 0.264
707 0.2536
708 0.2672
709 0.2744
710 0.2688
711 0.264
712 0.2544
713 0.2632
714 0.2696
715 0.274
716 0.2664
717 0.264
718 0.264
719 0.2492
720 0.25
721 0.2512
722 0.2528
723 0.2584
724 0.26
725 0.2528
726 0.2644
727 0.258
728 0.2488
729 0.2516
730 0.2492
731 0.2428
732 0.2532
733 0.252
734 0.2524
735 0.2588
736 0.2592
737 0.2544
738 0.2552
739 0.2708
740 0.2808
741 0.2836
742 0.2688
743 0.2588
744 0.2564
745 0.2484
746 0.2516
747 0.248
748 0.258
749 0.2588
750 0.26
751 0.268
752 0.2708
753 0.2676
754 0.2724
755 0.2688
756 0.268
757 0.2688
758 0.2636
759 0.2588
760 0.2488
761 0.2624
762 0.2688
763 0.26
764 0.2604
765 0.2552
766 0.2664
767 0.2588
768 0.2604
769 0.2484
770 0.248
771 0.2508
772 0.242
773 0.2444
774 0.238
775 0.2336
776 0.254
777 0.2516
778 0.2504
779 0.26
780 0.2564
781 0.2604
782 0.2668
783 0.2672
784 0.2632
785 0.266
786 0.2696
787 0.2696
788 0.2572
789 0.2508
790 0.2596
791 0.27
792 0.2676
793 0.2848
794 0.2824
795 0.2864
796 0.2924
797 0.288
798 0.286
799 0.2968
800 0.288
801 0.2748
802 0.264
803 0.256
804 0.2572
805 0.2576
806 0.248
807 0.2468
808 0.2368
809 0.2444
810 0.2508
811 0.2568
812 0.2468
813 0.246
814 0.2524
815 0.2512
816 0.2524
817 0.2528
818 0.2636
819 0.2656
820 0.2624
821 0.2672
822 0.2696
823 0.274
824 0.2664
825 0.2496
826 0.234
827 0.2356
828 0.2416
829 0.2536
830 0.2548
831 0.2556
832 0.2508
833 0.2468
834 0.2576
835 0.2564
836 0.2448
837 0.246
838 0.2428
839 0.2388
840 0.2408
841 0.2408
842 0.2504
843 0.2472
844 0.2412
845 0.2444
846 0.2284
847 0.2328
848 0.2244
849 0.2232
850 0.2328
851 0.2268
852 0.2436
853 0.2364
854 0.2228
855 0.2248
856 0.238
857 0.2408
858 0.2396
859 0.2472
860 0.2468
861 0.252
862 0.2664
863 0.258
864 0.2468
865 0.2476
866 0.2452
867 0.2496
868 0.248
869 0.2616
870 0.2492
871 0.24
872 0.248
873 0.2608
874 0.258
875 0.2564
876 0.254
877 0.2592
878 0.2516
879 0.2508
880 0.2428
881 0.2548
882 0.2528
883 0.2472
884 0.256
885 0.2444
886 0.2444
887 0.244
888 0.2488
889 0.2476
890 0.2588
891 0.2644
892 0.2736
893 0.2624
894 0.2596
895 0.2544
896 0.2624
897 0.2556
898 0.252
899 0.2496
900 0.2436
901 0.2428
902 0.2448
903 0.2456
904 0.2612
905 0.252
906 0.2472
907 0.248
908 0.2524
909 0.252
910 0.2524
911 0.2572
912 0.2636
913 0.2744
914 0.258
915 0.262
916 0.2636
917 0.2532
918 0.2348
919 0.2292
920 0.2368
921 0.2464
922 0.2396
923 0.2284
924 0.2384
925 0.2408
926 0.2424
927 0.2512
928 0.2512
929 0.25
930 0.2456
931 0.2444
932 0.2428
933 0.248
934 0.248
935 0.2424
936 0.2444
937 0.2504
938 0.2552
939 0.2624
940 0.2532
941 0.2528
942 0.244
943 0.242
944 0.2512
945 0.2508
946 0.242
947 0.2452
948 0.24
949 0.2324
950 0.2348
951 0.2332
952 0.2524
953 0.238
954 0.2472
955 0.2392
956 0.2492
957 0.266
958 0.2616
959 0.2664
960 0.2632
961 0.2672
962 0.2696
963 0.2736
964 0.266
965 0.2788
966 0.2816
967 0.2708
968 0.2736
969 0.274
970 0.2744
971 0.2672
972 0.272
973 0.26
974 0.26
975 0.274
976 0.2708
977 0.2684
978 0.2588
979 0.256
980 0.2624
981 0.2616
982 0.2528
983 0.2672
984 0.2724
985 0.2732
986 0.2824
987 0.2776
988 0.2852
989 0.2688
990 0.272
991 0.268
992 0.2628
993 0.2632
994 0.27
995 0.2704
996 0.2828
997 0.28
998 0.2956
999 0.2912
1000 0.2732
1001 0.2716
1002 0.2668
1003 0.2556
1004 0.256
1005 0.248
1006 0.2464
1007 0.244
1008 0.244
1009 0.2508
1010 0.2572
1011 0.2424
1012 0.2508
1013 0.2436
1014 0.2432
1015 0.2412
1016 0.2272
1017 0.2212
1018 0.2224
1019 0.2228
1020 0.2308
1021 0.2384
1022 0.242
1023 0.244
1024 0.2496
1025 0.2492
1026 0.2432
1027 0.2348
1028 0.2496
1029 0.2384
1030 0.234
1031 0.2396
1032 0.2316
1033 0.2308
1034 0.234
1035 0.2312
1036 0.2428
1037 0.2532
1038 0.246
1039 0.2532
1040 0.2552
1041 0.266
1042 0.2732
1043 0.2748
1044 0.2668
1045 0.26
1046 0.2628
1047 0.2568
1048 0.254
1049 0.2524
1050 0.252
1051 0.2532
1052 0.2468
1053 0.2464
1054 0.268
1055 0.2648
1056 0.2772
1057 0.2712
1058 0.272
1059 0.2676
1060 0.2572
1061 0.256
1062 0.2476
1063 0.2472
1064 0.2512
1065 0.2492
1066 0.2428
1067 0.2396
1068 0.2372
1069 0.2372
1070 0.2444
1071 0.2352
1072 0.2412
1073 0.25
1074 0.2568
1075 0.2536
1076 0.2476
1077 0.2408
1078 0.2512
1079 0.24
1080 0.2376
1081 0.24
1082 0.25
1083 0.2604
1084 0.2632
1085 0.2788
1086 0.264
1087 0.2596
1088 0.26
1089 0.2648
1090 0.2616
1091 0.2548
1092 0.2512
1093 0.2608
1094 0.2508
1095 0.2556
1096 0.2596
1097 0.2604
1098 0.2684
1099 0.2696
1100 0.2664
1101 0.2608
1102 0.2616
1103 0.2396
1104 0.25
1105 0.2456
1106 0.2456
1107 0.2568
1108 0.2476
1109 0.2404
1110 0.2348
1111 0.2408
1112 0.2552
1113 0.2572
1114 0.2588
1115 0.2676
1116 0.2684
1117 0.2648
1118 0.25
1119 0.2424
1120 0.2392
1121 0.226
1122 0.2164
1123 0.234
1124 0.2244
1125 0.2232
1126 0.2224
1127 0.2208
1128 0.2288
1129 0.244
1130 0.25
1131 0.254
1132 0.2396
1133 0.2304
1134 0.2424
1135 0.2456
1136 0.2432
1137 0.2444
1138 0.2484
1139 0.2496
1140 0.2536
1141 0.266
1142 0.2724
1143 0.2668
1144 0.2704
1145 0.266
1146 0.2564
1147 0.256
1148 0.2536
1149 0.242
1150 0.2444
1151 0.2444
1152 0.248
1153 0.2536
1154 0.244
1155 0.2476
1156 0.236
1157 0.25
1158 0.2528
1159 0.2628
1160 0.2724
1161 0.2848
1162 0.2932
1163 0.288
1164 0.2852
1165 0.2724
1166 0.28
1167 0.2828
1168 0.266
1169 0.2652
1170 0.2748
1171 0.2776
1172 0.2664
1173 0.2536
1174 0.256
1175 0.2496
1176 0.2344
1177 0.2304
1178 0.25
1179 0.2508
1180 0.248
1181 0.2484
1182 0.2516
1183 0.2524
1184 0.2568
1185 0.2468
1186 0.2536
1187 0.2676
1188 0.2668
1189 0.2712
1190 0.2452
1191 0.2532
1192 0.2464
1193 0.2592
1194 0.264
1195 0.2504
1196 0.2504
1197 0.2448
1198 0.234
1199 0.2328
1200 0.2476
1201 0.2512
1202 0.2588
1203 0.2624
1204 0.2604
1205 0.2708
1206 0.26
1207 0.2644
1208 0.2692
1209 0.2668
1210 0.27
1211 0.2752
1212 0.2856
1213 0.2808
1214 0.282
1215 0.272
1216 0.2716
1217 0.274
1218 0.2656
1219 0.266
1220 0.2684
1221 0.2572
1222 0.2536
1223 0.25
1224 0.2488
1225 0.2504
1226 0.2564
1227 0.2552
1228 0.2448
1229 0.2436
1230 0.2244
1231 0.2372
1232 0.2528
1233 0.2576
1234 0.2692
1235 0.264
1236 0.2704
1237 0.276
1238 0.2756
1239 0.2744
1240 0.2704
1241 0.2496
1242 0.2408
1243 0.2424
1244 0.2444
1245 0.256
1246 0.2632
1247 0.2592
1248 0.2556
1249 0.2496
1250 0.2596
1251 0.266
1252 0.2676
1253 0.2684
1254 0.266
1255 0.2612
1256 0.2624
1257 0.2688
1258 0.2532
1259 0.2604
1260 0.2708
1261 0.2628
1262 0.2664
1263 0.2748
1264 0.2656
1265 0.2832
1266 0.2824
1267 0.2704
1268 0.2728
1269 0.2616
1270 0.2588
1271 0.264
1272 0.2596
1273 0.256
1274 0.2588
1275 0.2564
1276 0.2448
1277 0.244
1278 0.244
1279 0.2564
1280 0.2504
1281 0.2492
1282 0.2584
1283 0.2684
1284 0.2644
1285 0.2724
1286 0.28
1287 0.2768
1288 0.2788
1289 0.2764
1290 0.2768
1291 0.2868
1292 0.2752
1293 0.2768
1294 0.2704
1295 0.2704
1296 0.2704
1297 0.252
1298 0.2404
1299 0.2548
1300 0.2704
1301 0.2696
1302 0.2668
1303 0.2684
1304 0.2536
1305 0.246
1306 0.2312
1307 0.2284
1308 0.2248
1309 0.2308
1310 0.2376
1311 0.2416
1312 0.2476
1313 0.2428
1314 0.2592
1315 0.2508
1316 0.248
1317 0.2464
1318 0.2352
1319 0.24
1320 0.2428
1321 0.2376
1322 0.2344
1323 0.2304
1324 0.242
1325 0.2456
1326 0.252
1327 0.2476
1328 0.24
1329 0.2304
1330 0.2284
1331 0.2312
1332 0.234
1333 0.2344
1334 0.2512
1335 0.2492
1336 0.2532
1337 0.2416
1338 0.248
1339 0.2384
1340 0.234
1341 0.2336
1342 0.2372
1343 0.2412
1344 0.2476
1345 0.2588
1346 0.26
1347 0.2556
1348 0.2516
1349 0.2524
1350 0.2664
1351 0.2728
1352 0.2788
1353 0.2796
1354 0.2672
1355 0.2716
1356 0.2672
1357 0.2808
1358 0.2736
1359 0.26
1360 0.2508
1361 0.2464
1362 0.2548
1363 0.248
1364 0.2496
1365 0.2532
1366 0.2604
1367 0.264
1368 0.268
1369 0.2716
1370 0.26
1371 0.2608
1372 0.2584
1373 0.2512
1374 0.2696
1375 0.272
1376 0.2624
1377 0.2696
1378 0.2564
1379 0.2568
1380 0.258
1381 0.2584
1382 0.2532
1383 0.258
1384 0.2628
1385 0.262
1386 0.2668
1387 0.274
1388 0.2676
1389 0.272
1390 0.27
1391 0.2692
1392 0.2768
1393 0.282
1394 0.2788
1395 0.2868
1396 0.2876
1397 0.282
1398 0.2784
1399 0.2784
1400 0.2748
1401 0.2684
1402 0.2816
1403 0.2812
1404 0.272
1405 0.266
1406 0.2636
1407 0.27
1408 0.2588
1409 0.2504
1410 0.2484
1411 0.2444
1412 0.2432
1413 0.2616
1414 0.252
1415 0.2668
1416 0.2704
1417 0.2772
1418 0.2656
1419 0.2636
1420 0.2528
1421 0.2376
1422 0.2412
1423 0.24
1424 0.2432
1425 0.248
1426 0.2392
1427 0.2436
1428 0.2496
1429 0.2528
1430 0.2472
1431 0.252
1432 0.248
1433 0.2408
1434 0.2548
1435 0.242
1436 0.2432
1437 0.2472
1438 0.2476
1439 0.2528
1440 0.2648
1441 0.264
1442 0.2636
1443 0.2764
1444 0.2668
1445 0.2652
1446 0.2604
1447 0.2592
1448 0.266
1449 0.2708
1450 0.2808
1451 0.2684
1452 0.26
1453 0.2596
1454 0.2592
1455 0.2536
1456 0.266
1457 0.2612
1458 0.2528
1459 0.2504
1460 0.2472
1461 0.2416
1462 0.2288
1463 0.2388
1464 0.2388
1465 0.234
1466 0.2364
1467 0.2432
1468 0.2472
1469 0.2464
1470 0.2532
1471 0.2524
1472 0.2524
1473 0.2784
1474 0.2692
1475 0.2704
1476 0.2644
1477 0.2632
1478 0.2612
1479 0.2556
1480 0.2644
1481 0.2472
1482 0.2592
1483 0.2484
1484 0.254
1485 0.2688
1486 0.27
1487 0.2856
1488 0.2996
1489 0.2868
1490 0.276
1491 0.2664
1492 0.2636
1493 0.2632
1494 0.2656
1495 0.258
1496 0.2688
1497 0.2732
1498 0.262
1499 0.2528
1500 0.2476
1501 0.2576
1502 0.2556
1503 0.264
1504 0.2704
1505 0.2636
1506 0.2792
1507 0.2788
1508 0.268
1509 0.2584
1510 0.2664
1511 0.2604
1512 0.256
1513 0.2504
1514 0.258
1515 0.25
1516 0.2408
1517 0.248
1518 0.2372
1519 0.234
1520 0.2376
1521 0.24
1522 0.2416
1523 0.2412
1524 0.2436
1525 0.24
1526 0.2516
1527 0.2544
1528 0.2556
1529 0.2404
1530 0.2488
1531 0.2332
1532 0.244
1533 0.2336
1534 0.2328
1535 0.2316
1536 0.2396
1537 0.2292
1538 0.2324
1539 0.2384
1540 0.2516
1541 0.2448
1542 0.258
1543 0.256
1544 0.2508
1545 0.238
1546 0.2468
1547 0.2504
1548 0.246
1549 0.2452
1550 0.252
1551 0.2612
1552 0.2708
1553 0.2748
1554 0.2628
1555 0.278
1556 0.274
1557 0.2756
1558 0.2664
1559 0.2656
1560 0.2512
1561 0.2456
1562 0.2484
1563 0.2556
1564 0.2672
1565 0.274
1566 0.2832
1567 0.2816
1568 0.2848
1569 0.274
1570 0.2736
1571 0.2724
1572 0.2648
1573 0.27
1574 0.2572
1575 0.2488
1576 0.254
1577 0.2692
1578 0.2632
1579 0.2644
1580 0.2612
1581 0.26
1582 0.2472
1583 0.2556
1584 0.258
1585 0.2552
1586 0.2592
1587 0.2488
1588 0.252
1589 0.242
1590 0.2544
1591 0.2448
1592 0.2564
1593 0.2624
1594 0.2752
1595 0.2676
1596 0.2516
1597 0.25
1598 0.2556
1599 0.2528
1600 0.256
1601 0.2592
1602 0.2656
1603 0.2604
1604 0.2692
1605 0.2732
1606 0.2692
1607 0.2708
1608 0.2444
1609 0.2408
1610 0.2492
1611 0.2484
1612 0.2524
1613 0.2444
1614 0.2452
1615 0.2336
1616 0.2188
1617 0.2084
1618 0.21
1619 0.2232
1620 0.2184
1621 0.2108
1622 0.204
1623 0.2144
1624 0.212
1625 0.2216
1626 0.2152
1627 0.2316
1628 0.2368
1629 0.2436
1630 0.26
1631 0.2632
1632 0.2668
1633 0.2652
1634 0.262
1635 0.272
1636 0.2792
1637 0.2772
1638 0.2668
1639 0.2572
1640 0.256
1641 0.2336
1642 0.2356
1643 0.2368
1644 0.2424
1645 0.2412
1646 0.248
1647 0.2496
1648 0.2504
1649 0.2524
1650 0.2588
1651 0.2652
1652 0.2536
1653 0.2608
1654 0.2612
1655 0.2472
1656 0.2532
1657 0.2444
1658 0.2496
1659 0.2448
1660 0.2424
1661 0.2528
1662 0.252
1663 0.24
1664 0.2416
1665 0.2328
1666 0.2284
1667 0.2244
1668 0.2444
1669 0.2404
1670 0.2384
1671 0.23
1672 0.2376
1673 0.2436
1674 0.2536
1675 0.2536
1676 0.2504
1677 0.25
1678 0.2512
1679 0.2592
1680 0.2648
1681 0.2652
1682 0.258
1683 0.2628
1684 0.2652
1685 0.2732
1686 0.2668
1687 0.274
1688 0.246
1689 0.25
1690 0.2392
1691 0.238
1692 0.2452
1693 0.2428
1694 0.2448
1695 0.2476
1696 0.2524
1697 0.2576
1698 0.2628
1699 0.2684
1700 0.2736
1701 0.2704
1702 0.2664
1703 0.25
1704 0.2348
1705 0.2364
1706 0.248
1707 0.254
1708 0.2476
1709 0.2536
1710 0.248
1711 0.2424
1712 0.2448
1713 0.2456
1714 0.2608
1715 0.244
1716 0.2464
1717 0.2608
1718 0.2604
1719 0.252
1720 0.2264
1721 0.2316
1722 0.2244
1723 0.2356
1724 0.2404
1725 0.2388
1726 0.2396
1727 0.236
1728 0.24
1729 0.242
1730 0.2416
1731 0.2508
1732 0.2512
1733 0.2548
1734 0.2452
1735 0.252
1736 0.2452
1737 0.2552
1738 0.2632
1739 0.2584
1740 0.2576
1741 0.2716
1742 0.2592
1743 0.2604
1744 0.2584
1745 0.252
1746 0.2576
1747 0.2684
1748 0.2652
1749 0.2656
1750 0.2568
1751 0.2492
1752 0.2536
1753 0.2608
1754 0.2604
1755 0.2644
1756 0.2596
1757 0.2516
1758 0.2536
1759 0.2588
1760 0.2464
1761 0.2528
1762 0.2528
1763 0.2612
1764 0.25
1765 0.2392
1766 0.2412
1767 0.2512
1768 0.2472
1769 0.236
1770 0.2352
1771 0.2336
1772 0.2448
1773 0.2624
1774 0.2604
1775 0.2468
1776 0.258
1777 0.2632
1778 0.2596
1779 0.264
1780 0.266
1781 0.252
1782 0.2632
1783 0.2612
1784 0.2684
1785 0.2704
1786 0.2716
1787 0.272
1788 0.2576
1789 0.2468
1790 0.2492
1791 0.2448
1792 0.2496
1793 0.2488
1794 0.246
1795 0.2564
1796 0.2588
1797 0.2648
1798 0.2612
1799 0.2544
1800 0.2584
1801 0.254
1802 0.2592
1803 0.2676
1804 0.2576
1805 0.2464
1806 0.2524
1807 0.2524
1808 0.2392
1809 0.2548
1810 0.252
1811 0.2304
1812 0.2348
1813 0.2412
1814 0.2556
1815 0.2616
1816 0.2636
1817 0.2648
1818 0.2576
1819 0.2572
1820 0.2616
1821 0.278
1822 0.2644
1823 0.2524
1824 0.258
1825 0.2576
1826 0.2648
1827 0.2676
1828 0.2676
1829 0.2584
1830 0.2608
1831 0.2576
1832 0.266
1833 0.2588
1834 0.256
1835 0.2668
1836 0.2616
1837 0.2504
1838 0.2488
1839 0.2576
1840 0.2504
1841 0.2584
1842 0.2652
1843 0.2716
1844 0.2648
1845 0.2668
1846 0.2708
1847 0.2864
1848 0.2972
1849 0.2904
1850 0.272
1851 0.2704
1852 0.2568
1853 0.2544
1854 0.2564
1855 0.2644
1856 0.2572
1857 0.2628
1858 0.2616
1859 0.2608
1860 0.2636
1861 0.256
1862 0.2512
1863 0.2584
1864 0.2536
1865 0.2492
1866 0.26
1867 0.2724
1868 0.2688
1869 0.264
1870 0.2652
1871 0.2632
1872 0.28
1873 0.2688
1874 0.256
1875 0.2508
1876 0.2444
1877 0.256
1878 0.2572
1879 0.2556
1880 0.266
1881 0.2672
1882 0.2668
1883 0.2656
1884 0.2588
1885 0.2448
1886 0.2476
1887 0.2464
1888 0.2348
1889 0.2348
1890 0.2436
1891 0.2516
1892 0.2504
1893 0.2516
1894 0.2592
1895 0.2528
1896 0.2516
1897 0.2552
1898 0.2308
1899 0.2156
1900 0.2292
1901 0.2288
1902 0.2304
1903 0.2316
1904 0.2252
1905 0.228
1906 0.2192
1907 0.2232
1908 0.2264
1909 0.2412
1910 0.2444
1911 0.2516
1912 0.2612
1913 0.2472
1914 0.2572
1915 0.2572
1916 0.272
1917 0.262
1918 0.2564
1919 0.2624
1920 0.2704
1921 0.2796
1922 0.2564
1923 0.26
1924 0.252
1925 0.2552
1926 0.2612
1927 0.2612
1928 0.2684
1929 0.2768
1930 0.2712
1931 0.2692
1932 0.2684
1933 0.2648
1934 0.2508
1935 0.258
1936 0.2572
1937 0.2432
1938 0.2448
1939 0.2452
1940 0.2496
1941 0.2516
1942 0.2552
1943 0.2452
1944 0.2452
1945 0.2336
1946 0.2348
1947 0.2364
1948 0.2404
1949 0.24
1950 0.2472
1951 0.2332
1952 0.2348
1953 0.246
1954 0.2412
1955 0.254
1956 0.2628
1957 0.2608
1958 0.252
1959 0.2596
1960 0.2604
1961 0.2624
1962 0.26
1963 0.27
1964 0.2612
1965 0.2564
1966 0.2508
1967 0.2352
1968 0.2276
1969 0.2288
1970 0.2236
1971 0.2204
1972 0.238
1973 0.2452
1974 0.242
1975 0.2404
1976 0.2332
1977 0.238
1978 0.2464
1979 0.2476
1980 0.242
1981 0.2472
1982 0.2492
1983 0.2596
1984 0.2576
1985 0.2548
1986 0.266
1987 0.2636
1988 0.2648
1989 0.2696
1990 0.2836
1991 0.2716
1992 0.2608
1993 0.2604
1994 0.2656
1995 0.264
1996 0.264
1997 0.2644
1998 0.262
1999 0.252
2000 0.2384
2001 0.2568
2002 0.2568
2003 0.2452
2004 0.2472
2005 0.2464
2006 0.2504
2007 0.2484
2008 0.2592
2009 0.2664
2010 0.2664
2011 0.2708
2012 0.2684
2013 0.2668
2014 0.256
2015 0.2616
2016 0.2628
2017 0.26
2018 0.2568
2019 0.2668
2020 0.2588
2021 0.2644
2022 0.2536
2023 0.2552
2024 0.2516
2025 0.2596
2026 0.2552
2027 0.2428
2028 0.238
2029 0.2344
2030 0.2412
2031 0.2448
2032 0.2468
2033 0.2408
2034 0.2404
2035 0.2376
2036 0.2376
2037 0.2444
2038 0.2496
2039 0.2484
2040 0.2416
2041 0.2376
2042 0.2364
2043 0.2264
2044 0.2228
2045 0.2276
2046 0.2188
2047 0.2108
2048 0.2124
2049 0.2192
2050 0.2324
2051 0.234
2052 0.2416
2053 0.2532
2054 0.2532
2055 0.25
2056 0.2616
2057 0.252
2058 0.252
2059 0.2588
2060 0.2836
2061 0.2804
2062 0.2888
2063 0.2812
2064 0.2712
2065 0.2708
2066 0.276
2067 0.2596
2068 0.26
2069 0.2596
2070 0.2596
2071 0.2524
2072 0.2556
2073 0.2524
2074 0.266
2075 0.2724
2076 0.2592
2077 0.248
2078 0.2436
2079 0.2412
2080 0.2432
2081 0.2436
2082 0.2536
2083 0.258
2084 0.256
2085 0.2516
2086 0.2404
2087 0.2384
2088 0.2444
2089 0.2472
2090 0.2516
2091 0.2464
2092 0.2524
2093 0.2436
2094 0.2464
2095 0.238
2096 0.2352
2097 0.2332
2098 0.2392
2099 0.2552
2100 0.2564
2101 0.2652
2102 0.2704
2103 0.2816
2104 0.2832
2105 0.282
2106 0.2672
2107 0.2768
2108 0.2852
2109 0.2844
2110 0.272
2111 0.2672
2112 0.2632
2113 0.2664
2114 0.2648
2115 0.2612
2116 0.2628
2117 0.2604
2118 0.2476
2119 0.2512
2120 0.2508
2121 0.2508
2122 0.252
2123 0.2536
2124 0.254
2125 0.2456
2126 0.2488
2127 0.2504
2128 0.2576
2129 0.2564
2130 0.2412
2131 0.2448
2132 0.2432
2133 0.2396
2134 0.2468
2135 0.2512
2136 0.2472
2137 0.2504
2138 0.2512
2139 0.2476
2140 0.2496
2141 0.2552
2142 0.2464
2143 0.2556
2144 0.244
2145 0.256
2146 0.2612
2147 0.2692
2148 0.2756
2149 0.2612
2150 0.2668
2151 0.2604
2152 0.256
2153 0.2616
2154 0.2516
2155 0.2564
2156 0.2568
2157 0.2584
2158 0.2432
2159 0.2384
2160 0.25
2161 0.2704
2162 0.2728
2163 0.2708
2164 0.2664
2165 0.2716
2166 0.2696
2167 0.2672
2168 0.2792
2169 0.276
2170 0.27
2171 0.268
2172 0.2568
2173 0.2552
2174 0.2556
2175 0.2592
2176 0.2592
2177 0.2672
2178 0.264
2179 0.2596
2180 0.2524
2181 0.2484
2182 0.2452
2183 0.2564
2184 0.2552
2185 0.2528
2186 0.246
2187 0.236
2188 0.2364
2189 0.2436
2190 0.244
2191 0.256
2192 0.25
2193 0.2372
2194 0.2412
2195 0.2428
2196 0.2448
2197 0.24
2198 0.2396
2199 0.24
2200 0.2408
2201 0.2588
2202 0.2596
2203 0.2552
2204 0.2496
2205 0.25
2206 0.2504
2207 0.24
2208 0.236
2209 0.24
2210 0.2288
2211 0.2188
2212 0.2292
2213 0.2372
2214 0.2392
2215 0.2412
2216 0.2364
2217 0.2456
2218 0.246
2219 0.2416
2220 0.254
2221 0.2464
2222 0.2492
2223 0.258
2224 0.2468
2225 0.2328
2226 0.2312
2227 0.2488
2228 0.246
2229 0.2448
2230 0.2544
2231 0.2432
2232 0.2388
2233 0.258
2234 0.2552
2235 0.2488
2236 0.2516
2237 0.2572
2238 0.2552
2239 0.2576
2240 0.2528
2241 0.2588
2242 0.2604
2243 0.26
2244 0.2584
2245 0.254
2246 0.2452
2247 0.2424
2248 0.2588
2249 0.268
2250 0.276
2251 0.274
2252 0.278
2253 0.276
2254 0.27
2255 0.2716
2256 0.2548
2257 0.2596
2258 0.2548
2259 0.2624
2260 0.26
2261 0.2524
2262 0.2512
2263 0.2536
2264 0.2412
2265 0.242
2266 0.2428
2267 0.2396
2268 0.2408
2269 0.2304
2270 0.2404
2271 0.252
2272 0.2656
2273 0.2596
2274 0.266
2275 0.268
2276 0.2728
2277 0.26
2278 0.2604
2279 0.2528
2280 0.2468
2281 0.2448
2282 0.25
2283 0.2564
2284 0.2544
2285 0.2536
2286 0.2476
2287 0.2404
2288 0.232
2289 0.2376
2290 0.2316
2291 0.2276
2292 0.2244
2293 0.2204
2294 0.224
2295 0.2372
2296 0.2268
2297 0.228
2298 0.234
2299 0.226
2300 0.2332
2301 0.232
2302 0.2424
2303 0.2556
2304 0.2668
2305 0.2568
2306 0.262
2307 0.2572
2308 0.2584
2309 0.2612
2310 0.2576
2311 0.262
2312 0.2664
2313 0.254
2314 0.2392
2315 0.2412
2316 0.2332
2317 0.2204
2318 0.2308
2319 0.23
2320 0.2448
2321 0.2548
2322 0.2512
2323 0.2512
2324 0.2588
2325 0.27
2326 0.2784
2327 0.2668
2328 0.2552
2329 0.252
2330 0.2408
2331 0.244
2332 0.2428
2333 0.25
2334 0.2468
2335 0.2684
2336 0.262
2337 0.2628
2338 0.2432
2339 0.2488
2340 0.2416
2341 0.242
2342 0.234
2343 0.2496
2344 0.242
2345 0.2388
2346 0.2448
2347 0.246
2348 0.2472
2349 0.252
2350 0.258
2351 0.2552
2352 0.268
2353 0.2524
2354 0.2476
2355 0.246
2356 0.2408
2357 0.236
2358 0.2432
2359 0.2384
2360 0.2448
2361 0.2524
2362 0.2648
2363 0.2588
2364 0.2616
2365 0.2548
2366 0.2552
2367 0.2412
2368 0.2436
2369 0.2488
2370 0.2368
2371 0.2416
2372 0.2472
2373 0.2372
2374 0.2448
2375 0.2472
2376 0.258
2377 0.258
2378 0.2564
2379 0.2464
2380 0.2472
2381 0.2404
2382 0.2436
2383 0.2432
2384 0.2564
2385 0.2532
2386 0.2436
2387 0.242
2388 0.24
2389 0.2456
2390 0.252
2391 0.2416
2392 0.242
2393 0.2472
2394 0.2496
2395 0.256
2396 0.2516
2397 0.262
2398 0.2584
2399 0.2516
2400 0.244
2401 0.2508
2402 0.2428
2403 0.2448
2404 0.266
2405 0.2692
2406 0.2608
2407 0.2544
2408 0.248
2409 0.2476
2410 0.256
2411 0.2472
2412 0.2484
2413 0.2504
2414 0.2536
2415 0.26
2416 0.2612
2417 0.2532
2418 0.246
2419 0.2592
2420 0.2552
2421 0.2592
2422 0.262
2423 0.252
2424 0.2564
2425 0.2608
2426 0.2628
2427 0.2584
2428 0.2536
2429 0.2552
2430 0.2448
2431 0.2376
2432 0.2328
2433 0.2312
2434 0.2364
2435 0.228
2436 0.2268
2437 0.2328
2438 0.2412
2439 0.2636
2440 0.2476
2441 0.2604
2442 0.2628
2443 0.2624
2444 0.27
2445 0.2512
2446 0.2468
2447 0.2548
2448 0.2484
2449 0.248
2450 0.2584
2451 0.252
2452 0.2592
2453 0.2592
2454 0.2532
2455 0.2576
2456 0.264
2457 0.2556
2458 0.252
2459 0.2468
2460 0.2468
2461 0.2492
2462 0.2544
2463 0.2556
2464 0.2452
2465 0.2348
2466 0.236
2467 0.2256
2468 0.234
2469 0.224
2470 0.2284
2471 0.2384
2472 0.2452
2473 0.2388
2474 0.2504
2475 0.2564
2476 0.2568
2477 0.25
2478 0.2468
2479 0.2432
2480 0.236
2481 0.232
2482 0.2408
2483 0.2452
2484 0.2596
2485 0.2648
2486 0.2688
2487 0.2728
2488 0.2716
2489 0.2772
2490 0.2704
2491 0.2728
2492 0.2732
2493 0.2688
2494 0.2648
2495 0.2616
2496 0.2556
2497 0.2544
2498 0.2676
2499 0.262
2500 0.256
2501 0.246
2502 0.2416
2503 0.2408
2504 0.246
2505 0.2552
2506 0.2528
2507 0.2508
2508 0.2476
2509 0.2492
2510 0.2428
2511 0.2388
2512 0.2424
2513 0.2516
2514 0.248
2515 0.2404
2516 0.258
2517 0.2608
2518 0.264
2519 0.2592
2520 0.254
2521 0.2512
2522 0.2388
2523 0.2352
2524 0.2428
2525 0.2576
2526 0.2664
2527 0.2712
2528 0.2732
2529 0.2668
2530 0.248
2531 0.246
2532 0.2324
2533 0.2384
2534 0.2556
2535 0.2556
2536 0.2496
2537 0.2528
2538 0.2468
2539 0.24
2540 0.2448
2541 0.254
2542 0.2548
2543 0.2544
2544 0.2524
2545 0.2548
2546 0.2544
2547 0.2748
2548 0.2752
2549 0.274
2550 0.2676
2551 0.2588
2552 0.2576
2553 0.2608
2554 0.2616
2555 0.2716
2556 0.2664
2557 0.2616
2558 0.254
2559 0.2588
2560 0.2612
2561 0.2588
2562 0.2648
2563 0.2544
2564 0.2616
2565 0.2568
2566 0.2484
2567 0.24
2568 0.2344
2569 0.236
2570 0.232
2571 0.2348
2572 0.2468
2573 0.2344
2574 0.236
2575 0.2376
2576 0.2348
2577 0.2504
2578 0.2524
2579 0.2512
2580 0.252
2581 0.246
2582 0.2604
2583 0.2528
2584 0.248
2585 0.25
2586 0.2624
2587 0.2584
2588 0.2548
2589 0.2596
2590 0.2564
2591 0.2704
2592 0.2624
2593 0.2572
2594 0.2648
2595 0.2648
2596 0.2616
2597 0.2612
2598 0.2696
2599 0.2684
2600 0.2608
2601 0.254
2602 0.2528
2603 0.2572
2604 0.2708
2605 0.2688
2606 0.268
2607 0.2628
2608 0.2584
2609 0.2516
2610 0.2608
2611 0.2704
2612 0.2548
2613 0.26
2614 0.258
2615 0.262
2616 0.2676
2617 0.2716
2618 0.274
2619 0.2576
2620 0.2504
2621 0.2424
2622 0.2404
2623 0.2512
2624 0.2464
2625 0.2512
2626 0.2572
2627 0.2616
2628 0.262
2629 0.2716
2630 0.2632
2631 0.2688
2632 0.2676
2633 0.2584
2634 0.2508
2635 0.2544
2636 0.2612
2637 0.2564
2638 0.2636
2639 0.2524
2640 0.2524
2641 0.2416
2642 0.2404
2643 0.2352
2644 0.2332
2645 0.234
2646 0.2284
2647 0.2348
2648 0.238
2649 0.2364
2650 0.238
2651 0.2512
2652 0.2556
2653 0.2632
2654 0.2652
2655 0.26
2656 0.2596
2657 0.252
2658 0.2532
2659 0.2484
2660 0.2476
2661 0.238
2662 0.246
2663 0.2452
2664 0.2468
2665 0.248
2666 0.236
2667 0.2428
2668 0.2516
2669 0.2456
2670 0.2488
2671 0.2532
2672 0.2544
2673 0.2568
2674 0.2488
2675 0.2512
2676 0.2572
2677 0.258
2678 0.2508
2679 0.2488
2680 0.248
2681 0.2532
2682 0.2628
2683 0.2556
2684 0.2612
2685 0.2544
2686 0.2576
2687 0.2632
2688 0.256
2689 0.2628
2690 0.2652
2691 0.2672
2692 0.2652
2693 0.2516
2694 0.2572
2695 0.2508
2696 0.2548
2697 0.26
2698 0.2644
2699 0.2684
2700 0.2668
2701 0.2564
2702 0.254
2703 0.2492
2704 0.2608
2705 0.268
2706 0.2736
2707 0.2768
2708 0.2744
2709 0.2732
2710 0.2692
2711 0.27
2712 0.272
2713 0.2772
2714 0.2868
2715 0.2828
2716 0.272
2717 0.2676
2718 0.2808
2719 0.2712
2720 0.2672
2721 0.2672
2722 0.2668
2723 0.2744
2724 0.2664
2725 0.2748
2726 0.2896
2727 0.284
2728 0.274
2729 0.2748
2730 0.2724
2731 0.2632
2732 0.2696
2733 0.27
2734 0.27
2735 0.2632
2736 0.2472
2737 0.2452
2738 0.2364
2739 0.246
2740 0.2632
2741 0.2644
2742 0.2604
2743 0.2568
2744 0.2628
2745 0.2684
2746 0.2424
2747 0.2572
2748 0.2612
2749 0.2596
2750 0.2652
2751 0.26
2752 0.266
2753 0.2616
2754 0.2652
2755 0.2812
2756 0.2684
2757 0.2684
2758 0.2608
2759 0.2556
2760 0.2576
2761 0.268
2762 0.2616
2763 0.2572
2764 0.2596
2765 0.2712
2766 0.2624
2767 0.262
2768 0.2576
2769 0.252
2770 0.2548
2771 0.258
2772 0.2716
2773 0.2668
2774 0.2544
2775 0.2528
2776 0.2576
2777 0.2504
2778 0.2528
2779 0.2472
2780 0.2508
2781 0.2476
2782 0.2324
2783 0.2328
2784 0.2384
2785 0.2516
2786 0.2492
2787 0.2484
2788 0.2368
2789 0.2388
2790 0.2404
2791 0.2536
2792 0.258
2793 0.262
2794 0.2596
2795 0.2544
2796 0.2608
2797 0.2696
2798 0.2672
2799 0.2744
2800 0.284
2801 0.2828
2802 0.2868
2803 0.2844
2804 0.274
2805 0.2692
2806 0.2504
2807 0.2664
2808 0.2824
2809 0.2788
2810 0.296
2811 0.2964
2812 0.2796
2813 0.282
2814 0.2672
2815 0.2464
2816 0.2416
2817 0.2404
2818 0.2508
2819 0.2488
2820 0.252
2821 0.246
2822 0.2508
2823 0.2488
2824 0.254
2825 0.2552
2826 0.2496
2827 0.2428
2828 0.2436
2829 0.2452
2830 0.2556
2831 0.2404
2832 0.2428
2833 0.2424
2834 0.2528
2835 0.2612
2836 0.2656
2837 0.2632
2838 0.2648
2839 0.2464
2840 0.2548
2841 0.2604
2842 0.2696
2843 0.2616
2844 0.2616
2845 0.2508
2846 0.2536
2847 0.248
2848 0.2424
2849 0.2396
2850 0.242
2851 0.242
2852 0.2472
2853 0.242
2854 0.2452
2855 0.248
2856 0.2412
2857 0.2456
2858 0.2528
2859 0.2528
2860 0.2432
2861 0.2508
2862 0.2492
2863 0.2536
2864 0.2444
2865 0.2468
2866 0.2472
2867 0.256
2868 0.2496
2869 0.2392
2870 0.24
2871 0.2368
2872 0.2284
2873 0.22
2874 0.2288
2875 0.2424
2876 0.2492
2877 0.2484
2878 0.244
2879 0.2608
2880 0.2592
2881 0.2504
2882 0.2528
2883 0.2592
2884 0.25
2885 0.2544
2886 0.2504
2887 0.246
2888 0.2416
2889 0.2416
2890 0.246
2891 0.2444
2892 0.2416
2893 0.238
2894 0.238
2895 0.2572
2896 0.2528
2897 0.254
2898 0.252
2899 0.2508
2900 0.2496
2901 0.2616
2902 0.272
2903 0.2556
2904 0.2528
2905 0.244
2906 0.242
2907 0.248
2908 0.236
2909 0.2436
2910 0.2404
2911 0.2392
2912 0.2456
2913 0.238
2914 0.2416
2915 0.2384
2916 0.2332
2917 0.2332
2918 0.2288
2919 0.2216
2920 0.2316
2921 0.2408
2922 0.2296
2923 0.2324
2924 0.2288
2925 0.236
2926 0.2308
2927 0.2344
2928 0.2328
2929 0.2448
2930 0.2376
2931 0.246
2932 0.258
2933 0.2552
2934 0.248
2935 0.2428
2936 0.2416
2937 0.246
2938 0.2576
2939 0.2708
2940 0.2784
2941 0.2656
2942 0.2608
2943 0.26
2944 0.2568
2945 0.2564
2946 0.2676
2947 0.2648
2948 0.2672
2949 0.2496
2950 0.2408
2951 0.2444
2952 0.2484
2953 0.2536
2954 0.2568
2955 0.2576
2956 0.2596
2957 0.2584
2958 0.2524
2959 0.2532
2960 0.258
2961 0.2628
2962 0.254
2963 0.2468
2964 0.252
2965 0.2612
2966 0.2568
2967 0.2536
2968 0.2412
2969 0.2572
2970 0.252
2971 0.2572
2972 0.2564
2973 0.2348
2974 0.2352
2975 0.2356
2976 0.23
2977 0.2348
2978 0.232
2979 0.2388
2980 0.2468
2981 0.2476
2982 0.2496
2983 0.2468
2984 0.2516
2985 0.248
2986 0.2552
2987 0.256
2988 0.2664
2989 0.2616
2990 0.2488
2991 0.2444
2992 0.2556
2993 0.2544
2994 0.2564
2995 0.2644
2996 0.2736
2997 0.2684
2998 0.2732
2999 0.2556
3000 0.2604
3001 0.2496
3002 0.232
3003 0.2312
3004 0.2316
3005 0.2464
3006 0.2436
3007 0.2424
3008 0.242
3009 0.262
3010 0.2652
3011 0.2576
3012 0.2612
3013 0.26
3014 0.2508
3015 0.2344
3016 0.2436
3017 0.2376
3018 0.2352
3019 0.2368
3020 0.2412
3021 0.2452
3022 0.2448
3023 0.2396
3024 0.2332
3025 0.228
3026 0.23
3027 0.2484
3028 0.258
3029 0.2584
3030 0.2464
3031 0.2572
3032 0.256
3033 0.2508
3034 0.2512
3035 0.2616
3036 0.2452
3037 0.2212
3038 0.2292
3039 0.2332
3040 0.2372
3041 0.2364
3042 0.2488
3043 0.242
3044 0.2416
3045 0.2484
3046 0.2504
3047 0.2544
3048 0.2524
3049 0.25
3050 0.2536
3051 0.2532
3052 0.266
3053 0.2548
3054 0.2604
3055 0.2604
3056 0.2496
3057 0.2496
3058 0.2424
3059 0.2364
3060 0.2292
3061 0.228
3062 0.23
3063 0.2304
3064 0.2452
3065 0.2532
3066 0.26
3067 0.2584
3068 0.2476
3069 0.2696
3070 0.2448
3071 0.2476
3072 0.2532
3073 0.2636
3074 0.2648
3075 0.2668
3076 0.2744
3077 0.2672
3078 0.2636
3079 0.266
3080 0.2624
3081 0.2584
3082 0.254
3083 0.2408
3084 0.2288
3085 0.228
3086 0.226
3087 0.238
3088 0.2456
3089 0.24
3090 0.2376
3091 0.2388
3092 0.2332
3093 0.2288
3094 0.2228
3095 0.2332
3096 0.2396
3097 0.242
3098 0.26
3099 0.2576
3100 0.2568
3101 0.2544
3102 0.2592
3103 0.2476
3104 0.2408
3105 0.258
3106 0.2656
3107 0.264
3108 0.2524
3109 0.2636
3110 0.2484
3111 0.2516
3112 0.2552
3113 0.2588
3114 0.2628
3115 0.264
3116 0.2656
3117 0.2644
3118 0.252
3119 0.2588
3120 0.2588
3121 0.262
3122 0.2628
3123 0.2688
3124 0.2672
3125 0.2552
3126 0.2584
3127 0.2568
3128 0.2628
3129 0.2624
3130 0.2604
3131 0.2508
3132 0.2548
3133 0.2476
3134 0.2592
3135 0.2668
3136 0.27
3137 0.2644
3138 0.2696
3139 0.2676
3140 0.2628
3141 0.254
3142 0.2548
3143 0.246
3144 0.2448
3145 0.2412
3146 0.252
3147 0.2608
3148 0.2716
3149 0.2552
3150 0.26
3151 0.252
3152 0.2528
3153 0.2588
3154 0.2464
3155 0.2404
3156 0.2484
3157 0.2584
3158 0.2668
3159 0.2692
3160 0.268
3161 0.2728
3162 0.2632
3163 0.2628
3164 0.266
3165 0.2756
3166 0.2664
3167 0.2588
3168 0.2572
3169 0.2508
3170 0.2716
3171 0.2744
3172 0.2664
3173 0.2688
3174 0.2572
3175 0.2592
3176 0.248
3177 0.2432
3178 0.2456
3179 0.2508
3180 0.2532
3181 0.256
3182 0.2508
3183 0.2576
3184 0.264
3185 0.2672
3186 0.2596
3187 0.2668
3188 0.2672
3189 0.2656
3190 0.2484
3191 0.2528
3192 0.2532
3193 0.2584
3194 0.25
3195 0.2504
3196 0.2312
3197 0.224
3198 0.23
3199 0.244
3200 0.2472
3201 0.248
3202 0.25
3203 0.2612
3204 0.264
3205 0.2508
3206 0.2444
3207 0.232
3208 0.2372
3209 0.25
3210 0.2508
3211 0.2528
3212 0.2496
3213 0.2596
3214 0.2624
3215 0.2572
3216 0.268
3217 0.2548
3218 0.2576
3219 0.2592
3220 0.2684
3221 0.2576
3222 0.2532
3223 0.2648
3224 0.2604
3225 0.2504
3226 0.2484
3227 0.258
3228 0.26
3229 0.2492
3230 0.2536
3231 0.2576
3232 0.2644
3233 0.2564
3234 0.2584
3235 0.2652
3236 0.2716
3237 0.2676
3238 0.27
3239 0.26
3240 0.264
3241 0.2624
3242 0.264
3243 0.2612
3244 0.2668
3245 0.2684
3246 0.2668
3247 0.2572
3248 0.2488
3249 0.2504
3250 0.25
3251 0.2528
3252 0.2552
3253 0.2532
3254 0.262
3255 0.2688
3256 0.28
3257 0.2832
3258 0.2884
3259 0.2756
3260 0.2736
3261 0.2708
3262 0.2696
3263 0.2772
3264 0.276
3265 0.2652
3266 0.2672
3267 0.2664
3268 0.2648
3269 0.2648
3270 0.2616
3271 0.2604
3272 0.2596
3273 0.2544
3274 0.2556
3275 0.2584
3276 0.26
3277 0.2512
3278 0.2488
3279 0.2568
3280 0.2648
3281 0.2592
3282 0.252
3283 0.2644
3284 0.2796
3285 0.2748
3286 0.272
3287 0.2832
3288 0.2772
3289 0.276
3290 0.2684
3291 0.2784
3292 0.2672
3293 0.262
3294 0.2544
3295 0.268
3296 0.256
3297 0.258
3298 0.2648
3299 0.2684
3300 0.2532
3301 0.2404
3302 0.254
3303 0.254
3304 0.2464
3305 0.246
3306 0.2468
3307 0.2528
3308 0.2624
3309 0.2524
3310 0.2556
3311 0.2592
3312 0.2492
3313 0.2408
3314 0.2552
3315 0.2468
3316 0.254
3317 0.2536
3318 0.2484
3319 0.2552
3320 0.2484
3321 0.2604
3322 0.242
3323 0.2388
3324 0.236
3325 0.2416
3326 0.2472
3327 0.242
3328 0.23
3329 0.2444
3330 0.2468
3331 0.25
3332 0.2532
3333 0.2484
3334 0.2536
3335 0.2556
3336 0.2592
3337 0.2572
3338 0.2572
3339 0.2644
3340 0.2548
3341 0.2576
3342 0.2464
3343 0.2476
3344 0.2536
3345 0.2548
3346 0.2536
3347 0.2612
3348 0.2608
3349 0.2572
3350 0.2596
3351 0.2704
3352 0.27
3353 0.272
3354 0.2644
3355 0.2812
3356 0.2824
3357 0.2664
3358 0.2712
3359 0.2648
3360 0.2532
3361 0.2508
3362 0.26
3363 0.2576
3364 0.2532
3365 0.264
3366 0.27
3367 0.2716
3368 0.254
3369 0.2588
3370 0.2564
3371 0.262
3372 0.2644
3373 0.2588
3374 0.268
3375 0.2824
3376 0.2772
3377 0.2772
3378 0.2724
3379 0.282
3380 0.2696
3381 0.2668
3382 0.2664
3383 0.2588
3384 0.262
3385 0.2624
3386 0.2624
3387 0.266
3388 0.2656
3389 0.2648
3390 0.2584
3391 0.2584
3392 0.2604
3393 0.2612
3394 0.26
3395 0.252
3396 0.2516
3397 0.2456
3398 0.254
3399 0.2408
3400 0.2364
3401 0.2376
3402 0.24
3403 0.2372
3404 0.234
3405 0.2252
3406 0.2224
3407 0.2348
3408 0.2348
3409 0.2448
3410 0.2392
3411 0.2432
3412 0.2548
3413 0.25
3414 0.2492
3415 0.24
3416 0.24
3417 0.2312
3418 0.2336
3419 0.2256
3420 0.23
3421 0.2288
3422 0.224
3423 0.228
3424 0.2428
3425 0.2388
3426 0.236
3427 0.2416
3428 0.242
3429 0.2444
3430 0.2436
3431 0.2476
3432 0.2456
3433 0.2376
3434 0.2368
3435 0.2488
3436 0.2464
3437 0.2584
3438 0.2528
3439 0.2736
3440 0.2776
3441 0.2736
3442 0.2676
3443 0.27
3444 0.252
3445 0.244
3446 0.2496
3447 0.2644
3448 0.258
3449 0.2468
3450 0.2508
3451 0.256
3452 0.264
3453 0.2672
3454 0.266
3455 0.2628
3456 0.2688
3457 0.2652
3458 0.2692
3459 0.2616
3460 0.2604
3461 0.2704
3462 0.2696
3463 0.264
3464 0.2684
3465 0.2736
3466 0.2716
3467 0.2608
3468 0.2716
3469 0.27
3470 0.2768
3471 0.2844
3472 0.2828
3473 0.2732
3474 0.2688
3475 0.2748
3476 0.26
3477 0.2616
3478 0.264
3479 0.2496
3480 0.2368
3481 0.2372
3482 0.238
3483 0.2356
3484 0.2404
3485 0.2448
3486 0.2468
3487 0.244
3488 0.2576
3489 0.2596
3490 0.2432
3491 0.246
3492 0.2528
3493 0.2468
3494 0.2424
3495 0.2404
3496 0.2256
3497 0.2288
3498 0.2396
3499 0.246
3500 0.2408
3501 0.2332
3502 0.23
3503 0.2352
3504 0.238
3505 0.2532
3506 0.2644
3507 0.2684
3508 0.2568
3509 0.2464
3510 0.2452
3511 0.2404
3512 0.2472
3513 0.2532
3514 0.2564
3515 0.252
3516 0.264
3517 0.2616
3518 0.2616
3519 0.2624
3520 0.2652
3521 0.254
3522 0.2608
3523 0.2408
3524 0.2408
3525 0.242
3526 0.25
3527 0.254
3528 0.2532
3529 0.2508
3530 0.2508
3531 0.2448
3532 0.2556
3533 0.2448
3534 0.2396
3535 0.2448
3536 0.248
3537 0.2548
3538 0.2528
3539 0.2536
3540 0.2568
3541 0.2644
3542 0.2548
3543 0.2712
3544 0.2576
3545 0.2536
3546 0.2628
3547 0.2524
3548 0.2496
3549 0.2544
3550 0.2568
3551 0.2496
3552 0.2464
3553 0.2432
3554 0.2348
3555 0.2448
3556 0.248
3557 0.2372
3558 0.2508
3559 0.2552
3560 0.258
3561 0.2556
3562 0.2652
3563 0.2484
3564 0.2412
3565 0.2372
3566 0.2404
3567 0.2624
3568 0.2592
3569 0.2524
3570 0.2456
3571 0.2496
3572 0.26
3573 0.2564
3574 0.2668
3575 0.2756
3576 0.268
3577 0.266
3578 0.268
3579 0.2704
3580 0.2476
3581 0.2588
3582 0.2704
3583 0.27
3584 0.2636
3585 0.2672
3586 0.2724
3587 0.2704
3588 0.2636
3589 0.2656
3590 0.2612
3591 0.2576
3592 0.2468
3593 0.254
3594 0.2544
3595 0.262
3596 0.2772
3597 0.2804
3598 0.2704
3599 0.278
3600 0.2772
3601 0.2752
3602 0.2752
3603 0.2592
3604 0.2572
3605 0.266
3606 0.2748
3607 0.2812
3608 0.27
3609 0.2848
3610 0.2688
3611 0.28
3612 0.2656
3613 0.2608
3614 0.2684
3615 0.2676
3616 0.2764
3617 0.2636
3618 0.2552
3619 0.2628
3620 0.2676
3621 0.2624
3622 0.2632
3623 0.26
3624 0.2556
3625 0.2564
3626 0.2388
3627 0.246
3628 0.2452
3629 0.2504
3630 0.2556
3631 0.2552
3632 0.2584
3633 0.2592
3634 0.2552
3635 0.2528
3636 0.2664
3637 0.2732
3638 0.27
3639 0.274
3640 0.2672
3641 0.2648
3642 0.25
3643 0.254
3644 0.256
3645 0.2552
3646 0.262
3647 0.262
3648 0.2616
3649 0.264
3650 0.2676
3651 0.2684
3652 0.2612
3653 0.2592
3654 0.2544
3655 0.2636
3656 0.2656
3657 0.2596
3658 0.256
3659 0.264
3660 0.2672
3661 0.2624
3662 0.2664
3663 0.26
3664 0.2644
3665 0.2572
3666 0.2536
3667 0.2504
3668 0.2408
3669 0.2292
3670 0.2192
3671 0.2264
3672 0.224
3673 0.2276
3674 0.2356
3675 0.24
3676 0.234
3677 0.2388
3678 0.24
3679 0.2332
3680 0.2324
3681 0.2284
3682 0.2372
3683 0.2296
3684 0.2204
3685 0.23
3686 0.2456
3687 0.246
3688 0.2352
3689 0.2356
3690 0.24
3691 0.234
3692 0.2352
3693 0.2364
3694 0.2396
3695 0.2384
3696 0.2316
3697 0.2352
3698 0.2448
3699 0.248
3700 0.2484
3701 0.2556
3702 0.2436
3703 0.2456
3704 0.2464
3705 0.2372
3706 0.2496
3707 0.2472
3708 0.2476
3709 0.232
3710 0.2284
3711 0.2324
3712 0.2368
3713 0.234
3714 0.2312
3715 0.2376
3716 0.2392
3717 0.2392
3718 0.2484
3719 0.2456
3720 0.2508
3721 0.268
3722 0.2716
3723 0.2668
3724 0.2612
3725 0.2808
3726 0.2704
3727 0.278
3728 0.2716
3729 0.274
3730 0.248
3731 0.248
3732 0.2544
3733 0.2532
3734 0.2524
3735 0.2568
3736 0.2512
3737 0.2456
3738 0.2452
3739 0.238
3740 0.24
3741 0.2344
3742 0.2368
3743 0.2408
3744 0.2296
3745 0.234
3746 0.246
3747 0.2564
3748 0.2684
3749 0.2696
3750 0.2612
3751 0.2616
3752 0.2712
3753 0.256
3754 0.256
3755 0.2476
3756 0.242
3757 0.25
3758 0.2588
3759 0.2652
3760 0.2632
3761 0.2548
3762 0.2536
3763 0.2416
3764 0.2448
3765 0.232
3766 0.2304
3767 0.2404
3768 0.2352
3769 0.2448
3770 0.2372
3771 0.222
3772 0.2284
3773 0.2336
3774 0.238
3775 0.2572
3776 0.2668
3777 0.2596
3778 0.2624
3779 0.268
3780 0.2672
3781 0.2576
3782 0.2448
3783 0.252
3784 0.2396
3785 0.246
3786 0.2516
3787 0.254
3788 0.2536
3789 0.2536
3790 0.2496
3791 0.2456
3792 0.252
3793 0.2556
3794 0.2516
3795 0.2624
3796 0.262
3797 0.256
3798 0.2508
3799 0.2632
3800 0.2712
3801 0.2644
3802 0.2684
3803 0.2624
3804 0.2608
3805 0.2696
3806 0.26
3807 0.2568
3808 0.2568
3809 0.2504
3810 0.2452
3811 0.2504
3812 0.2544
3813 0.258
3814 0.2596
3815 0.2472
3816 0.2536
3817 0.2508
3818 0.256
3819 0.2676
3820 0.2612
3821 0.2636
3822 0.262
3823 0.2596
3824 0.2736
3825 0.266
3826 0.276
3827 0.278
3828 0.286
3829 0.2868
3830 0.2724
3831 0.274
3832 0.284
3833 0.2824
3834 0.2692
3835 0.2524
3836 0.2668
3837 0.264
3838 0.268
3839 0.2676
3840 0.2592
3841 0.2656
3842 0.2604
3843 0.2592
3844 0.254
3845 0.258
3846 0.2564
3847 0.25
3848 0.26
3849 0.2688
3850 0.2796
3851 0.2692
3852 0.2664
3853 0.2672
3854 0.2696
3855 0.2824
3856 0.28
3857 0.2612
3858 0.266
3859 0.2728
3860 0.262
3861 0.2544
3862 0.2548
3863 0.2612
3864 0.2428
3865 0.23
3866 0.2248
3867 0.2364
3868 0.228
3869 0.2356
3870 0.2464
3871 0.2568
3872 0.2584
3873 0.2484
3874 0.242
3875 0.2436
3876 0.2436
3877 0.2424
3878 0.2444
3879 0.2572
3880 0.2512
3881 0.2544
3882 0.2596
3883 0.2488
3884 0.2384
3885 0.2436
3886 0.2548
3887 0.268
3888 0.2592
3889 0.2444
3890 0.2456
3891 0.2492
3892 0.2488
3893 0.2476
3894 0.2584
3895 0.2532
3896 0.2496
3897 0.2608
3898 0.2616
3899 0.2672
3900 0.2732
3901 0.2684
3902 0.2652
3903 0.2536
3904 0.2668
3905 0.2632
3906 0.2592
3907 0.2468
3908 0.2408
3909 0.236
3910 0.2396
3911 0.2488
3912 0.2528
3913 0.2452
3914 0.2556
3915 0.2464
3916 0.25
3917 0.2528
3918 0.2484
3919 0.2644
3920 0.2596
3921 0.2656
3922 0.276
3923 0.2676
3924 0.2492
3925 0.242
3926 0.2376
3927 0.23
3928 0.2356
3929 0.232
3930 0.226
3931 0.2416
3932 0.238
3933 0.2408
3934 0.25
3935 0.2416
3936 0.2492
3937 0.2336
3938 0.2408
3939 0.2424
3940 0.246
3941 0.2712
3942 0.274
3943 0.2796
3944 0.2872
3945 0.2864
3946 0.286
3947 0.2804
3948 0.2932
3949 0.2896
3950 0.2796
3951 0.2632
3952 0.2632
3953 0.2608
3954 0.2576
3955 0.2596
3956 0.2668
3957 0.262
3958 0.266
3959 0.2584
3960 0.2472
3961 0.2536
3962 0.2528
3963 0.2456
3964 0.2484
3965 0.2552
3966 0.2592
3967 0.2592
3968 0.2608
3969 0.266
3970 0.2656
3971 0.2656
3972 0.2708
3973 0.2792
3974 0.2708
3975 0.274
3976 0.264
3977 0.268
3978 0.2596
3979 0.2552
3980 0.2624
3981 0.2604
3982 0.2472
3983 0.2464
3984 0.2452
3985 0.2412
3986 0.2456
3987 0.2616
3988 0.258
3989 0.256
3990 0.2548
3991 0.2624
3992 0.2492
3993 0.2492
3994 0.2448
3995 0.2464
3996 0.2292
3997 0.2344
3998 0.2356
3999 0.2356
4000 0.2408
4001 0.2384
4002 0.2412
4003 0.2416
4004 0.2444
4005 0.252
4006 0.2516
4007 0.2496
4008 0.256
4009 0.2564
4010 0.26
4011 0.2488
4012 0.2484
4013 0.2484
4014 0.2472
4015 0.2464
4016 0.2356
4017 0.2508
4018 0.2652
4019 0.2708
4020 0.262
4021 0.2708
4022 0.286
4023 0.29
4024 0.2792
4025 0.2708
4026 0.264
4027 0.2612
4028 0.2692
4029 0.2544
4030 0.2408
4031 0.2344
4032 0.2356
4033 0.2332
4034 0.2348
4035 0.246
4036 0.2604
4037 0.2556
4038 0.2452
4039 0.2552
4040 0.2444
4041 0.2536
4042 0.2396
4043 0.2504
4044 0.2516
4045 0.2504
4046 0.2384
4047 0.2412
4048 0.2572
4049 0.2476
4050 0.2476
4051 0.26
4052 0.2668
4053 0.2696
4054 0.2616
4055 0.2684
4056 0.2648
4057 0.2596
4058 0.2612
4059 0.2608
4060 0.2612
4061 0.2564
4062 0.2596
4063 0.2528
4064 0.2612
4065 0.2584
4066 0.2632
4067 0.2676
4068 0.2712
4069 0.2708
4070 0.2664
4071 0.2564
4072 0.2584
4073 0.2512
4074 0.2472
4075 0.2536
4076 0.2472
4077 0.2472
4078 0.2556
4079 0.2516
4080 0.2552
4081 0.2532
4082 0.2584
4083 0.2488
4084 0.2596
4085 0.2644
4086 0.2492
4087 0.2436
4088 0.2484
4089 0.2436
4090 0.2404
4091 0.2468
4092 0.2448
4093 0.2352
4094 0.2352
4095 0.2364
4096 0.2512
4097 0.246
4098 0.252
4099 0.2524
4100 0.2488
4101 0.258
4102 0.2512
4103 0.2572
4104 0.2652
4105 0.2544
4106 0.2552
4107 0.2528
4108 0.246
4109 0.2464
4110 0.2524
4111 0.262
4112 0.264
4113 0.2636
4114 0.2548
4115 0.2576
4116 0.2608
4117 0.2692
4118 0.272
4119 0.2852
4120 0.2836
4121 0.2696
4122 0.266
4123 0.272
4124 0.278
4125 0.262
4126 0.2624
4127 0.2532
4128 0.2512
4129 0.254
4130 0.2524
4131 0.2484
4132 0.2548
4133 0.2668
4134 0.2736
4135 0.2716
4136 0.2664
4137 0.2748
4138 0.2664
4139 0.2696
4140 0.2776
4141 0.2752
4142 0.2744
4143 0.2712
4144 0.2768
4145 0.274
4146 0.2728
4147 0.2764
4148 0.2684
4149 0.2656
4150 0.2708
4151 0.2708
4152 0.2724
4153 0.2716
4154 0.2724
4155 0.2648
4156 0.2592
4157 0.2528
4158 0.238
4159 0.232
4160 0.2372
4161 0.2464
4162 0.2424
4163 0.2344
4164 0.2524
4165 0.2604
4166 0.27
4167 0.2688
4168 0.272
4169 0.27
4170 0.2688
4171 0.2648
4172 0.2672
4173 0.262
4174 0.2568
4175 0.2604
4176 0.27
4177 0.2716
4178 0.2624
4179 0.2652
4180 0.2632
4181 0.2588
4182 0.258
4183 0.2624
4184 0.2636
4185 0.2644
4186 0.2604
4187 0.2688
4188 0.2736
4189 0.2524
4190 0.256
4191 0.254
4192 0.2548
4193 0.2588
4194 0.2712
4195 0.2712
4196 0.2608
4197 0.2556
4198 0.2568
4199 0.2592
4200 0.268
4201 0.2772
4202 0.2644
4203 0.2656
4204 0.2648
4205 0.2644
4206 0.2652
4207 0.2556
4208 0.2572
4209 0.2568
4210 0.2524
4211 0.2532
4212 0.256
4213 0.2536
4214 0.2392
4215 0.2324
4216 0.238
4217 0.238
4218 0.2364
4219 0.2412
4220 0.2416
4221 0.2388
4222 0.2408
4223 0.2348
4224 0.2408
4225 0.2436
4226 0.2476
4227 0.2532
4228 0.2704
4229 0.2768
4230 0.2776
4231 0.2968
4232 0.2864
4233 0.2832
4234 0.2852
4235 0.2816
4236 0.2684
4237 0.27
4238 0.2744
4239 0.2848
4240 0.2984
4241 0.2972
4242 0.278
4243 0.274
4244 0.2652
4245 0.252
4246 0.2488
4247 0.2544
4248 0.2576
4249 0.2548
4250 0.246
4251 0.2508
4252 0.2452
4253 0.2464
4254 0.2564
4255 0.2552
4256 0.2628
4257 0.2672
4258 0.2748
4259 0.2604
4260 0.2584
4261 0.2644
4262 0.2688
4263 0.2668
4264 0.264
4265 0.2628
4266 0.2616
4267 0.2476
4268 0.2624
4269 0.2568
4270 0.2568
4271 0.2524
4272 0.2632
4273 0.2632
4274 0.2516
4275 0.2576
4276 0.2428
4277 0.254
4278 0.2504
4279 0.2524
4280 0.25
4281 0.2444
4282 0.2528
4283 0.2432
4284 0.2608
4285 0.2672
4286 0.266
4287 0.2628
4288 0.256
4289 0.2568
4290 0.2636
4291 0.262
4292 0.2656
4293 0.2772
4294 0.2732
4295 0.2644
4296 0.252
4297 0.264
4298 0.2708
4299 0.2656
4300 0.2572
4301 0.2596
4302 0.27
4303 0.2632
4304 0.2608
4305 0.2572
4306 0.2556
4307 0.25
4308 0.2596
4309 0.258
4310 0.2712
4311 0.2708
4312 0.274
4313 0.2756
4314 0.27
4315 0.2808
4316 0.2624
4317 0.2508
4318 0.2544
4319 0.2692
4320 0.2664
4321 0.2704
4322 0.2696
4323 0.2676
4324 0.2588
4325 0.2592
4326 0.2552
4327 0.2536
4328 0.2536
4329 0.2444
4330 0.2708
4331 0.26
4332 0.2572
4333 0.2636
4334 0.2552
4335 0.2568
4336 0.2528
4337 0.2504
4338 0.2384
4339 0.2384
4340 0.2316
4341 0.2396
4342 0.228
4343 0.2148
4344 0.2176
4345 0.2244
4346 0.2304
4347 0.2408
4348 0.2468
4349 0.2548
4350 0.252
4351 0.25
4352 0.2628
4353 0.2608
4354 0.2776
4355 0.2772
4356 0.258
4357 0.2596
4358 0.26
4359 0.2576
4360 0.2436
4361 0.2556
4362 0.2508
4363 0.2448
4364 0.2504
4365 0.2512
4366 0.25
4367 0.2488
4368 0.2392
4369 0.2396
4370 0.23
4371 0.2332
4372 0.2508
4373 0.2616
4374 0.2708
4375 0.2748
4376 0.2772
4377 0.272
4378 0.2684
4379 0.2748
4380 0.2712
4381 0.272
4382 0.2708
4383 0.2708
4384 0.27
4385 0.264
4386 0.2576
4387 0.2604
4388 0.2568
4389 0.276
4390 0.2696
4391 0.2584
4392 0.2632
4393 0.262
4394 0.2564
4395 0.268
4396 0.262
4397 0.2424
4398 0.2388
4399 0.2296
4400 0.2508
4401 0.268
4402 0.2608
4403 0.2584
4404 0.2548
4405 0.2552
4406 0.2488
4407 0.26
4408 0.2612
4409 0.258
4410 0.2604
4411 0.266
4412 0.2848
4413 0.2844
4414 0.2828
4415 0.278
4416 0.28
4417 0.282
4418 0.2748
4419 0.2768
4420 0.2764
4421 0.2728
4422 0.2716
4423 0.2592
4424 0.2604
4425 0.258
4426 0.254
4427 0.2644
4428 0.2652
4429 0.266
4430 0.2584
4431 0.2556
4432 0.2732
4433 0.2644
4434 0.2828
4435 0.2724
4436 0.2648
4437 0.2592
4438 0.2552
4439 0.268
4440 0.2676
4441 0.256
4442 0.2524
4443 0.254
4444 0.2496
4445 0.2456
4446 0.2588
4447 0.2592
4448 0.25
4449 0.2464
4450 0.2448
4451 0.2392
4452 0.2404
4453 0.2376
4454 0.2408
4455 0.2328
4456 0.2364
4457 0.234
4458 0.2324
4459 0.2328
4460 0.2284
4461 0.2308
4462 0.236
4463 0.23
4464 0.2376
4465 0.2352
4466 0.2324
4467 0.2376
4468 0.2364
4469 0.2388
4470 0.2388
4471 0.2412
4472 0.252
4473 0.2496
4474 0.2512
4475 0.2552
4476 0.2548
4477 0.2644
4478 0.2556
4479 0.2652
4480 0.266
4481 0.27
4482 0.2772
4483 0.27
4484 0.262
4485 0.2656
4486 0.2728
4487 0.2856
4488 0.2856
4489 0.2956
4490 0.2816
4491 0.2716
4492 0.2656
4493 0.262
4494 0.2588
4495 0.2404
4496 0.252
4497 0.252
4498 0.244
4499 0.2336
4500 0.2396
4501 0.24
4502 0.2328
4503 0.2212
4504 0.2216
4505 0.2232
4506 0.2308
4507 0.2456
4508 0.2452
4509 0.2476
4510 0.2452
4511 0.2488
4512 0.238
4513 0.22
4514 0.2212
4515 0.214
4516 0.2144
4517 0.2036
4518 0.2096
4519 0.22
4520 0.2244
4521 0.2432
4522 0.254
4523 0.2556
4524 0.244
4525 0.2464
4526 0.2512
4527 0.2564
4528 0.2576
4529 0.2536
4530 0.2456
4531 0.2432
4532 0.2456
4533 0.2588
4534 0.2456
4535 0.2548
4536 0.246
4537 0.2576
4538 0.2572
4539 0.258
4540 0.262
4541 0.2692
4542 0.274
4543 0.2552
4544 0.2636
4545 0.2684
4546 0.2676
4547 0.2716
4548 0.276
4549 0.2732
4550 0.2608
4551 0.2564
4552 0.2592
4553 0.2608
4554 0.2508
4555 0.2412
4556 0.2448
4557 0.238
4558 0.244
4559 0.2432
4560 0.2428
4561 0.2412
4562 0.25
4563 0.26
4564 0.2636
4565 0.26
4566 0.2644
4567 0.2692
4568 0.2696
4569 0.2608
4570 0.2408
4571 0.23
4572 0.2328
4573 0.24
4574 0.2368
4575 0.2432
4576 0.2468
4577 0.2392
4578 0.236
4579 0.2368
4580 0.2476
4581 0.2416
4582 0.2388
4583 0.2412
4584 0.2424
4585 0.2424
4586 0.2504
4587 0.254
4588 0.2524
4589 0.2524
4590 0.252
4591 0.256
4592 0.2508
4593 0.2764
4594 0.276
4595 0.2632
4596 0.2604
4597 0.2672
4598 0.2572
4599 0.2548
4600 0.2584
4601 0.2664
4602 0.2776
4603 0.2764
4604 0.2724
4605 0.2744
4606 0.27
4607 0.2676
4608 0.2624
4609 0.2624
4610 0.2644
4611 0.2696
4612 0.2656
4613 0.2656
4614 0.2564
4615 0.2532
4616 0.2468
4617 0.2344
4618 0.2372
4619 0.2316
4620 0.234
4621 0.2416
4622 0.2376
4623 0.2284
4624 0.2316
4625 0.2292
4626 0.2184
4627 0.2288
4628 0.2352
4629 0.2388
4630 0.2424
4631 0.2508
4632 0.2588
4633 0.2656
4634 0.2672
4635 0.2644
4636 0.2508
4637 0.266
4638 0.2628
4639 0.264
4640 0.274
4641 0.27
4642 0.2784
4643 0.2596
4644 0.2616
4645 0.2632
4646 0.2616
4647 0.274
4648 0.2696
4649 0.2592
4650 0.2436
4651 0.2556
4652 0.2652
4653 0.2596
4654 0.2568
4655 0.2632
4656 0.274
4657 0.2716
4658 0.2652
4659 0.2588
4660 0.2496
4661 0.254
4662 0.2536
4663 0.2532
4664 0.2604
4665 0.2544
4666 0.2628
4667 0.2736
4668 0.2784
4669 0.2728
4670 0.2584
4671 0.2648
4672 0.274
4673 0.2792
4674 0.2748
4675 0.2776
4676 0.2876
4677 0.2908
4678 0.2876
4679 0.2796
4680 0.2744
4681 0.2672
4682 0.2816
4683 0.2704
4684 0.2788
4685 0.2784
4686 0.2892
4687 0.2812
4688 0.284
4689 0.2936
4690 0.2784
4691 0.2684
4692 0.2696
4693 0.2688
4694 0.2728
4695 0.2668
4696 0.2556
4697 0.2456
4698 0.252
4699 0.256
4700 0.2528
4701 0.2536
4702 0.256
4703 0.2604
4704 0.272
4705 0.2756
4706 0.2748
4707 0.2752
4708 0.2636
4709 0.2664
4710 0.2616
4711 0.248
4712 0.24
4713 0.2496
4714 0.2504
4715 0.2452
4716 0.2332
4717 0.2436
4718 0.2564
4719 0.2644
4720 0.2768
4721 0.2688
4722 0.2592
4723 0.2648
4724 0.262
4725 0.2668
4726 0.2664
4727 0.2516
4728 0.2684
4729 0.2724
4730 0.272
4731 0.2812
4732 0.2688
4733 0.246
4734 0.25
4735 0.2548
4736 0.2572
4737 0.27
4738 0.2796
4739 0.28
4740 0.2664
4741 0.2696
4742 0.2624
4743 0.2672
4744 0.2672
4745 0.2532
4746 0.2504
4747 0.242
4748 0.2488
4749 0.248
4750 0.2508
4751 0.2652
4752 0.26
4753 0.2544
4754 0.2512
4755 0.2496
4756 0.2512
4757 0.2532
4758 0.258
4759 0.2564
4760 0.2616
4761 0.2524
4762 0.2556
4763 0.2732
4764 0.2612
4765 0.2604
4766 0.2632
4767 0.2604
4768 0.2632
4769 0.2644
4770 0.2612
4771 0.2428
4772 0.2316
4773 0.2484
4774 0.2512
4775 0.2576
4776 0.2524
4777 0.2504
4778 0.2412
4779 0.2388
4780 0.2404
4781 0.2444
4782 0.2484
4783 0.2536
4784 0.2536
4785 0.25
4786 0.2492
4787 0.2476
4788 0.2492
4789 0.2484
4790 0.248
4791 0.2412
4792 0.2524
4793 0.2492
4794 0.2356
4795 0.244
4796 0.2456
4797 0.238
4798 0.2484
4799 0.2416
4800 0.2512
4801 0.2636
4802 0.2836
4803 0.2904
4804 0.286
4805 0.2688
4806 0.274
4807 0.2672
4808 0.268
4809 0.2532
4810 0.2676
4811 0.2792
4812 0.2696
4813 0.2552
4814 0.246
4815 0.2504
4816 0.2556
4817 0.254
4818 0.254
4819 0.268
4820 0.2572
4821 0.2676
4822 0.2616
4823 0.258
4824 0.2584
4825 0.258
4826 0.2564
4827 0.2436
4828 0.238
4829 0.2388
4830 0.2516
4831 0.2564
4832 0.2528
4833 0.2488
4834 0.2396
4835 0.2352
4836 0.2496
4837 0.2464
4838 0.2396
4839 0.246
4840 0.2532
4841 0.2524
4842 0.2472
4843 0.2444
4844 0.246
4845 0.2368
4846 0.2384
4847 0.24
4848 0.2416
4849 0.2392
4850 0.2384
4851 0.24
4852 0.2388
4853 0.2324
4854 0.24
4855 0.2572
4856 0.2396
4857 0.24
4858 0.2432
4859 0.2436
4860 0.2404
4861 0.234
4862 0.2348
4863 0.246
4864 0.2476
4865 0.2428
4866 0.244
4867 0.238
4868 0.24
4869 0.2508
4870 0.2448
4871 0.246
4872 0.2548
4873 0.2552
4874 0.25
4875 0.246
4876 0.2484
4877 0.2464
4878 0.2564
4879 0.258
4880 0.2496
4881 0.2576
4882 0.2552
4883 0.2556
4884 0.256
4885 0.2444
4886 0.2564
4887 0.264
4888 0.2624
4889 0.2636
4890 0.2532
4891 0.2524
4892 0.2532
4893 0.2656
4894 0.2648
4895 0.2628
4896 0.266
4897 0.266
4898 0.266
4899 0.2584
4900 0.2604
4901 0.2596
4902 0.2652
4903 0.2544
4904 0.2504
4905 0.2416
4906 0.248
4907 0.262
4908 0.2628
4909 0.2536
4910 0.2508
4911 0.2504
4912 0.2472
4913 0.2524
4914 0.2628
4915 0.2524
4916 0.254
4917 0.2712
4918 0.266
4919 0.2732
4920 0.2804
4921 0.278
4922 0.2836
4923 0.288
4924 0.2896
4925 0.2688
4926 0.2616
4927 0.2528
4928 0.24
4929 0.2432
4930 0.2276
4931 0.2356
4932 0.2416
4933 0.2284
4934 0.2316
4935 0.2324
4936 0.2388
4937 0.2376
4938 0.242
4939 0.2472
4940 0.2444
4941 0.2384
4942 0.2416
4943 0.2476
4944 0.2672
4945 0.2748
4946 0.2704
4947 0.2736
4948 0.2828
4949 0.2744
4950 0.272
4951 0.2732
4952 0.2792
4953 0.272
4954 0.2632
4955 0.2528
4956 0.2452
4957 0.2428
4958 0.2416
4959 0.244
4960 0.2352
4961 0.2392
4962 0.2312
4963 0.2356
4964 0.2416
4965 0.242
4966 0.2432
4967 0.2636
4968 0.2664
4969 0.2628
4970 0.2612
4971 0.2696
4972 0.268
4973 0.2728
4974 0.28
4975 0.264
4976 0.2704
4977 0.2684
4978 0.2716
4979 0.2796
4980 0.2748
4981 0.2644
4982 0.26
4983 0.2604
4984 0.2588
4985 0.2652
4986 0.252
4987 0.252
4988 0.238
4989 0.2368
4990 0.2364
4991 0.234
4992 0.2192
4993 0.228
4994 0.2292
4995 0.2248
4996 0.2204
4997 0.222
4998 0.2308
4999 0.2212
5000 0.2308
5001 0.2412
5002 0.2436
5003 0.2428
5004 0.2536
5005 0.2456
5006 0.2552
5007 0.2588
5008 0.2604
5009 0.2608
5010 0.2588
5011 0.268
5012 0.2584
5013 0.2492
5014 0.258
5015 0.2648
5016 0.2552
5017 0.2608
5018 0.2584
5019 0.2572
5020 0.2628
5021 0.2496
5022 0.2464
5023 0.2572
5024 0.2604
5025 0.2632
5026 0.2696
5027 0.2516
5028 0.2352
5029 0.2316
5030 0.2388
5031 0.2284
5032 0.2316
5033 0.2256
5034 0.222
5035 0.226
5036 0.2384
5037 0.236
5038 0.2372
5039 0.2464
5040 0.2488
5041 0.2464
5042 0.246
5043 0.2368
5044 0.2416
5045 0.2308
5046 0.2264
5047 0.2424
5048 0.2528
5049 0.2424
5050 0.2528
5051 0.2592
5052 0.2528
5053 0.25
5054 0.2396
5055 0.2348
5056 0.242
5057 0.2476
5058 0.2428
5059 0.2396
5060 0.2496
5061 0.2548
5062 0.2588
5063 0.2544
5064 0.2596
5065 0.2644
5066 0.2616
5067 0.2664
5068 0.268
5069 0.2652
5070 0.2644
5071 0.2516
5072 0.2544
5073 0.2592
5074 0.2632
5075 0.2596
5076 0.2676
5077 0.2776
5078 0.272
5079 0.2792
5080 0.2788
5081 0.2796
5082 0.2864
5083 0.2884
5084 0.2824
5085 0.2624
5086 0.2656
5087 0.2552
5088 0.254
5089 0.2464
5090 0.2396
5091 0.2372
5092 0.2292
5093 0.2424
5094 0.238
5095 0.2264
5096 0.228
5097 0.2216
5098 0.2164
5099 0.2212
5100 0.228
5101 0.2308
5102 0.2436
5103 0.264
5104 0.258
5105 0.2548
5106 0.2664
5107 0.2636
5108 0.2724
5109 0.2648
5110 0.2616
5111 0.2476
5112 0.2468
5113 0.2552
5114 0.2552
5115 0.2584
5116 0.2664
5117 0.2624
5118 0.258
5119 0.258
5120 0.2664
5121 0.2568
5122 0.2544
5123 0.2652
5124 0.2676
5125 0.2808
5126 0.2852
5127 0.2736
5128 0.268
5129 0.2728
5130 0.2636
5131 0.2728
5132 0.2724
5133 0.2852
5134 0.272
5135 0.2692
5136 0.2752
5137 0.2628
5138 0.256
5139 0.2424
5140 0.2484
5141 0.2408
5142 0.2548
5143 0.2556
5144 0.26
5145 0.2668
5146 0.2568
5147 0.2424
5148 0.2292
5149 0.2308
5150 0.2344
5151 0.2308
5152 0.2476
5153 0.2496
5154 0.256
5155 0.2608
5156 0.2612
5157 0.2556
5158 0.2608
5159 0.2736
5160 0.2632
5161 0.2584
5162 0.2592
5163 0.2476
5164 0.2488
5165 0.2636
5166 0.2664
5167 0.2576
5168 0.27
5169 0.2692
5170 0.2736
5171 0.2668
5172 0.2692
5173 0.2636
5174 0.2588
5175 0.2536
5176 0.254
5177 0.2656
5178 0.2648
5179 0.2728
5180 0.2664
5181 0.2496
5182 0.2488
5183 0.2424
5184 0.256
5185 0.26
5186 0.2484
5187 0.2356
5188 0.2332
5189 0.2284
5190 0.228
5191 0.2328
5192 0.2476
5193 0.2364
5194 0.2516
5195 0.2532
5196 0.2536
5197 0.2628
5198 0.2672
5199 0.2468
5200 0.2492
5201 0.2352
5202 0.2384
5203 0.2304
5204 0.2268
5205 0.2356
5206 0.23
5207 0.2348
5208 0.2512
5209 0.248
5210 0.2556
5211 0.2564
5212 0.2648
5213 0.2748
5214 0.2672
5215 0.266
5216 0.2684
5217 0.2656
5218 0.2712
5219 0.2536
5220 0.2564
5221 0.2556
5222 0.2512
5223 0.2448
5224 0.2472
5225 0.2512
5226 0.242
5227 0.2556
5228 0.2684
5229 0.2684
5230 0.2644
5231 0.2564
5232 0.2556
5233 0.2588
5234 0.2504
5235 0.2568
5236 0.2624
5237 0.252
5238 0.2444
5239 0.2504
5240 0.2356
5241 0.242
5242 0.2492
5243 0.2536
5244 0.2528
5245 0.254
5246 0.246
5247 0.2388
5248 0.2424
5249 0.2332
5250 0.2356
5251 0.2364
5252 0.2384
5253 0.2356
5254 0.2296
5255 0.2328
5256 0.2276
5257 0.23
5258 0.232
5259 0.2324
5260 0.2272
5261 0.2332
5262 0.234
5263 0.2384
5264 0.2488
5265 0.2524
5266 0.2572
5267 0.2548
5268 0.2628
5269 0.2584
5270 0.272
5271 0.2644
5272 0.2724
5273 0.2564
5274 0.2592
5275 0.2576
5276 0.2492
5277 0.2544
5278 0.2472
5279 0.244
5280 0.2448
5281 0.2592
5282 0.2608
5283 0.2664
5284 0.2512
5285 0.2504
5286 0.2412
5287 0.238
5288 0.2324
5289 0.2488
5290 0.2456
5291 0.2492
5292 0.2636
5293 0.2604
5294 0.2608
5295 0.252
5296 0.254
5297 0.26
5298 0.2636
5299 0.258
5300 0.262
5301 0.26
5302 0.2488
5303 0.2584
5304 0.2452
5305 0.2584
5306 0.2556
5307 0.2592
5308 0.2476
5309 0.2412
5310 0.2436
5311 0.2452
5312 0.2396
5313 0.232
5314 0.2104
5315 0.21
5316 0.2192
5317 0.2312
5318 0.2428
5319 0.2488
5320 0.24
5321 0.248
5322 0.2448
5323 0.2444
5324 0.242
5325 0.2468
5326 0.246
5327 0.2488
5328 0.2516
5329 0.2512
5330 0.2484
5331 0.2528
5332 0.2448
5333 0.2504
5334 0.2556
5335 0.2612
5336 0.264
5337 0.26
5338 0.26
5339 0.2504
5340 0.2536
5341 0.2644
5342 0.2548
5343 0.2536
5344 0.2572
5345 0.2608
5346 0.266
5347 0.2492
5348 0.25
5349 0.2564
5350 0.2548
5351 0.2488
5352 0.2524
5353 0.2528
5354 0.246
5355 0.2428
5356 0.2348
5357 0.2288
5358 0.2396
5359 0.2332
5360 0.2404
5361 0.234
5362 0.2368
5363 0.2412
5364 0.2296
5365 0.2324
5366 0.2296
5367 0.2344
5368 0.2336
5369 0.2284
5370 0.2376
5371 0.24
5372 0.2508
5373 0.2604
5374 0.2448
5375 0.2368
5376 0.2376
5377 0.252
5378 0.2612
5379 0.2584
5380 0.2612
5381 0.2704
5382 0.2792
5383 0.2936
5384 0.2972
5385 0.2916
5386 0.2824
5387 0.2752
5388 0.2756
5389 0.2576
5390 0.2444
5391 0.2428
5392 0.238
5393 0.2336
5394 0.2236
5395 0.232
5396 0.2472
5397 0.2452
5398 0.2464
5399 0.2556
5400 0.252
5401 0.2572
5402 0.2612
5403 0.2772
5404 0.2676
5405 0.2668
5406 0.2628
5407 0.2528
5408 0.2432
5409 0.2492
5410 0.252
5411 0.2464
5412 0.2508
5413 0.2668
5414 0.2564
5415 0.2628
5416 0.2724
5417 0.2628
5418 0.262
5419 0.2604
5420 0.2688
5421 0.2672
5422 0.2772
5423 0.288
5424 0.2716
5425 0.2696
5426 0.2548
5427 0.2372
5428 0.2284
5429 0.2272
5430 0.218
5431 0.2136
5432 0.2244
5433 0.2284
5434 0.2344
5435 0.2412
5436 0.2328
5437 0.24
5438 0.2424
5439 0.25
5440 0.2432
5441 0.2456
5442 0.2468
5443 0.246
5444 0.2448
5445 0.2544
5446 0.2684
5447 0.2668
5448 0.2724
5449 0.2672
5450 0.2496
5451 0.2588
5452 0.264
5453 0.2476
5454 0.2392
5455 0.2412
5456 0.2384
5457 0.238
5458 0.2392
5459 0.2448
5460 0.2556
5461 0.26
5462 0.2532
5463 0.2544
5464 0.2412
5465 0.2508
5466 0.2272
5467 0.2316
5468 0.2452
5469 0.2408
5470 0.2464
5471 0.2492
5472 0.2488
5473 0.254
5474 0.2624
5475 0.2628
5476 0.266
5477 0.2756
5478 0.2684
5479 0.2672
5480 0.2688
5481 0.2668
5482 0.2576
5483 0.2588
5484 0.262
5485 0.2632
5486 0.2656
5487 0.268
5488 0.2696
5489 0.2604
5490 0.2708
5491 0.2456
5492 0.2508
5493 0.2524
5494 0.2468
5495 0.256
5496 0.2736
5497 0.2604
5498 0.2612
5499 0.2624
5500 0.2604
5501 0.268
5502 0.2728
5503 0.2672
5504 0.2556
5505 0.26
5506 0.2524
5507 0.2436
5508 0.2508
5509 0.2568
5510 0.2416
5511 0.2396
5512 0.2388
5513 0.2436
5514 0.2452
5515 0.2492
5516 0.2408
5517 0.2376
5518 0.2368
5519 0.244
5520 0.238
5521 0.2328
5522 0.24
5523 0.2368
5524 0.2364
5525 0.2244
5526 0.2292
5527 0.2272
5528 0.2436
5529 0.2576
5530 0.2596
5531 0.2656
5532 0.2592
5533 0.2572
5534 0.2712
5535 0.2612
5536 0.2472
5537 0.2512
5538 0.2484
5539 0.2524
5540 0.2484
5541 0.2596
5542 0.2668
5543 0.2672
5544 0.2664
5545 0.264
5546 0.2588
5547 0.2648
5548 0.2496
5549 0.2664
5550 0.2652
5551 0.2676
5552 0.2624
5553 0.2724
5554 0.2748
5555 0.2812
5556 0.2856
5557 0.2768
5558 0.2788
5559 0.278
5560 0.2672
5561 0.2748
5562 0.2612
5563 0.2536
5564 0.246
5565 0.2428
5566 0.2444
5567 0.2508
5568 0.244
5569 0.2524
5570 0.2524
5571 0.25
5572 0.2504
5573 0.2468
5574 0.2372
5575 0.2356
5576 0.248
5577 0.2424
5578 0.2296
5579 0.2404
5580 0.2536
5581 0.2544
5582 0.2472
5583 0.2576
5584 0.2604
5585 0.2616
5586 0.2668
5587 0.2716
5588 0.2504
5589 0.2504
5590 0.2432
5591 0.2432
5592 0.2344
5593 0.23
5594 0.2332
5595 0.2408
5596 0.2504
5597 0.2576
5598 0.2572
5599 0.2644
5600 0.2644
5601 0.2732
5602 0.26
5603 0.26
5604 0.2624
5605 0.2668
5606 0.2464
5607 0.2632
5608 0.2612
5609 0.264
5610 0.2596
5611 0.2488
5612 0.2536
5613 0.2548
5614 0.2588
5615 0.2636
5616 0.2716
5617 0.2604
5618 0.2568
5619 0.258
5620 0.2676
5621 0.2748
5622 0.2632
5623 0.2608
5624 0.2464
5625 0.2448
5626 0.2408
5627 0.2548
5628 0.2608
5629 0.2648
5630 0.2716
5631 0.2696
5632 0.2652
5633 0.262
5634 0.248
5635 0.2548
5636 0.24
5637 0.252
5638 0.2496
5639 0.2528
5640 0.256
5641 0.2552
5642 0.2624
5643 0.2396
5644 0.2428
5645 0.2468
5646 0.2464
5647 0.248
5648 0.24
5649 0.2348
5650 0.2164
5651 0.2272
5652 0.2252
5653 0.2388
5654 0.244
5655 0.2424
5656 0.2356
5657 0.2456
5658 0.25
5659 0.2476
5660 0.2396
5661 0.2516
5662 0.242
5663 0.2388
5664 0.2304
5665 0.2348
5666 0.2524
5667 0.2612
5668 0.28
5669 0.2712
5670 0.2764
5671 0.2688
5672 0.2628
5673 0.2612
5674 0.2536
5675 0.2488
5676 0.2404
5677 0.2304
5678 0.2308
5679 0.244
5680 0.2492
5681 0.2336
5682 0.238
5683 0.2508
5684 0.2592
5685 0.2628
5686 0.2572
5687 0.2476
5688 0.254
5689 0.254
5690 0.2488
5691 0.2504
5692 0.2548
5693 0.2488
5694 0.2532
5695 0.2528
5696 0.2444
5697 0.2496
5698 0.26
5699 0.262
5700 0.248
5701 0.2356
5702 0.2464
5703 0.2332
5704 0.2348
5705 0.2368
5706 0.2384
5707 0.2432
5708 0.2436
5709 0.2396
5710 0.2444
5711 0.2568
5712 0.2584
5713 0.2672
5714 0.2704
5715 0.2728
5716 0.274
5717 0.2616
5718 0.2444
5719 0.2372
5720 0.2452
5721 0.2484
5722 0.2596
5723 0.2656
5724 0.2636
5725 0.2624
5726 0.2612
5727 0.2748
5728 0.2752
5729 0.2668
5730 0.2524
5731 0.248
5732 0.25
5733 0.2348
5734 0.2356
5735 0.2444
5736 0.2408
5737 0.2428
5738 0.2324
5739 0.2308
5740 0.2388
5741 0.2352
5742 0.2324
5743 0.2388
5744 0.2376
5745 0.2484
5746 0.2524
5747 0.256
5748 0.256
5749 0.2496
5750 0.2392
5751 0.238
5752 0.2388
5753 0.2336
5754 0.2448
5755 0.2416
5756 0.2436
5757 0.2296
5758 0.2372
5759 0.2524
5760 0.2564
5761 0.26
5762 0.2588
5763 0.2628
5764 0.2688
5765 0.2672
5766 0.2596
5767 0.2724
5768 0.272
5769 0.2792
5770 0.264
5771 0.2616
5772 0.2456
5773 0.2376
5774 0.2428
5775 0.2268
5776 0.2332
5777 0.2324
5778 0.222
5779 0.22
5780 0.232
5781 0.2472
5782 0.2448
5783 0.2592
5784 0.2464
5785 0.258
5786 0.2616
5787 0.2656
5788 0.2552
5789 0.2472
5790 0.2464
5791 0.2552
5792 0.2576
5793 0.254
5794 0.2656
5795 0.272
5796 0.262
5797 0.2564
5798 0.2696
5799 0.2632
5800 0.2572
5801 0.2468
5802 0.2496
5803 0.2556
5804 0.2524
5805 0.2452
5806 0.256
5807 0.2652
5808 0.2616
5809 0.2552
5810 0.2588
5811 0.2412
5812 0.234
5813 0.2308
5814 0.2356
5815 0.2488
5816 0.2496
5817 0.238
5818 0.2516
5819 0.248
5820 0.2524
5821 0.2496
5822 0.2472
5823 0.2424
5824 0.2504
5825 0.2456
5826 0.2416
5827 0.246
5828 0.244
5829 0.246
5830 0.2472
5831 0.2576
5832 0.254
5833 0.2592
5834 0.26
5835 0.2428
5836 0.236
5837 0.228
5838 0.2372
5839 0.2396
5840 0.246
5841 0.2492
5842 0.2508
5843 0.2512
5844 0.2572
5845 0.26
5846 0.2648
5847 0.2684
5848 0.26
5849 0.28
5850 0.2792
5851 0.2704
5852 0.2828
5853 0.274
5854 0.2696
5855 0.2632
5856 0.2632
5857 0.2588
5858 0.2556
5859 0.2508
5860 0.242
5861 0.2472
5862 0.2356
5863 0.246
5864 0.246
5865 0.2508
5866 0.2492
5867 0.2468
5868 0.2492
5869 0.2492
5870 0.2376
5871 0.2448
5872 0.248
5873 0.2476
5874 0.2496
5875 0.2464
5876 0.2456
5877 0.2448
5878 0.2432
5879 0.2472
5880 0.236
5881 0.232
5882 0.2376
5883 0.2412
5884 0.2396
5885 0.2452
5886 0.2476
5887 0.2492
5888 0.2484
5889 0.2564
5890 0.256
5891 0.256
5892 0.268
5893 0.2708
5894 0.274
5895 0.2768
5896 0.29
5897 0.2832
5898 0.2864
5899 0.2728
5900 0.2736
5901 0.2716
5902 0.2688
5903 0.27
5904 0.2696
5905 0.2744
5906 0.266
5907 0.2564
5908 0.2464
5909 0.2344
5910 0.2344
5911 0.2172
5912 0.2164
5913 0.232
5914 0.2292
5915 0.2328
5916 0.2268
5917 0.236
5918 0.2412
5919 0.2428
5920 0.2612
5921 0.2556
5922 0.262
5923 0.2632
5924 0.258
5925 0.2728
5926 0.2628
5927 0.272
5928 0.2704
5929 0.262
5930 0.2632
5931 0.256
5932 0.2608
5933 0.2628
5934 0.2604
5935 0.2708
5936 0.2732
5937 0.2672
5938 0.2652
5939 0.2712
5940 0.2732
5941 0.2752
5942 0.264
5943 0.2588
5944 0.26
5945 0.2564
5946 0.2588
5947 0.2564
5948 0.26
5949 0.254
5950 0.2436
5951 0.2456
5952 0.244
5953 0.2528
5954 0.2548
5955 0.2488
5956 0.2412
5957 0.24
5958 0.2324
5959 0.2352
5960 0.2316
5961 0.2452
5962 0.256
5963 0.2512
5964 0.252
5965 0.2604
5966 0.258
5967 0.2468
5968 0.2456
5969 0.248
5970 0.2448
5971 0.252
5972 0.2436
5973 0.2524
5974 0.26
5975 0.2692
5976 0.2608
5977 0.2624
5978 0.2592
5979 0.2628
5980 0.2576
5981 0.2544
5982 0.254
5983 0.2588
5984 0.2576
5985 0.2596
5986 0.2672
5987 0.2688
5988 0.2708
5989 0.2568
5990 0.2536
5991 0.2712
5992 0.268
5993 0.2536
5994 0.258
5995 0.258
5996 0.264
5997 0.2584
5998 0.264
5999 0.2656
